  7.400000000000E-02  0.000000000000E+00
  7.475000000000E-02  0.000000000000E+00
  7.550000000000E-02  0.000000000000E+00
  7.625000000000E-02  0.000000000000E+00
  7.700000000000E-02  0.000000000000E+00
  7.775000000000E-02  0.000000000000E+00
  7.850000000000E-02  0.000000000000E+00
  7.925000000000E-02  0.000000000000E+00
  8.000000000000E-02  0.000000000000E+00
  8.075000000000E-02  0.000000000000E+00
  8.155057911714E-02  0.000000000000E+00
  8.240514834755E-02  0.000000000000E+00
  8.331734872090E-02  0.000000000000E+00
  8.429106681365E-02  0.000000000000E+00
  8.533045130836E-02  0.000000000000E+00
  8.643993066989E-02  0.000000000000E+00
  8.762423201355E-02  0.000000000000E+00
  8.888840124573E-02  0.000000000000E+00
  9.023782456282E-02  0.000000000000E+00
  9.167825139995E-02  0.000000000000E+00
  9.321581892739E-02  0.000000000000E+00
  9.485707819895E-02  0.000000000000E+00
  9.660902206378E-02  0.000000000000E+00
  9.847911496056E-02  0.000000000000E+00
  1.004753247209E-01  0.000000000000E+00
  1.026061565177E-01  0.000000000000E+00
  1.048806891026E-01  0.000000000000E+00
  1.073086134876E-01  0.000000000000E+00
  1.099002742350E-01  0.000000000000E+00
  1.126667135325E-01  0.000000000000E+00
  1.156197182397E-01  0.000000000000E+00
  1.187718701083E-01  0.000000000000E+00
  1.221365993884E-01  0.000000000000E+00
  1.257282420503E-01  0.000000000000E+00
  1.295621008655E-01  0.000000000000E+00
  1.336545106062E-01  0.000000000000E+00
  1.380229076425E-01  0.000000000000E+00
  1.426859042326E-01  0.000000000000E+00
  1.476633678238E-01  0.000000000000E+00
  1.529765057003E-01  0.000000000000E+00
  1.586479553410E-01  0.000000000000E+00
  1.647018808693E-01  0.000000000000E+00
  1.711640760088E-01  0.000000000000E+00
  1.780620739817E-01  0.000000000000E+00
  1.854252648179E-01  0.000000000000E+00
  1.932850205766E-01  0.000000000000E+00
  2.016748290116E-01  0.000000000000E+00
  2.106304362515E-01  0.000000000000E+00
  2.201899991016E-01  0.000000000000E+00
  2.303942476173E-01  0.000000000000E+00
  2.412866586410E-01  0.000000000000E+00
  2.529136410423E-01  0.000000000000E+00
  2.653247334501E-01  0.000000000000E+00
  2.785728153202E-01  0.000000000000E+00
  2.927143322368E-01  0.000000000000E+00
  3.078095364076E-01  0.000000000000E+00
  3.239227433785E-01  0.000000000000E+00
  3.411226060600E-01  0.000000000000E+00
  3.594824072340E-01  0.000000000000E+00
  3.790803717871E-01  0.000000000000E+00
  4.000000000000E-01  2.092314548246E-01
  4.287500000000E-01  2.111919912664E-01
  4.575000000000E-01  2.130558926290E-01
  4.862500000000E-01  2.148326652165E-01
  5.150000000000E-01  2.165305473757E-01
  5.437500000000E-01  2.181566376742E-01
  5.725000000000E-01  2.197171110402E-01
  6.012500000000E-01  2.212173705909E-01
  6.300000000000E-01  2.226621713192E-01
  6.587500000000E-01  2.240557197329E-01
  6.875000000000E-01  2.254017552382E-01
  7.162500000000E-01  2.267036170156E-01
  7.450000000000E-01  2.279642993539E-01
  7.737500000000E-01  2.291864977514E-01
  8.025000000000E-01  2.303726475570E-01
  8.312500000000E-01  2.315249565534E-01
  8.600000000000E-01  2.326454325916E-01
  8.887500000000E-01  2.337359071487E-01
  9.175000000000E-01  2.347980555126E-01
  9.462500000000E-01  2.358334141559E-01
  9.750000000000E-01  2.368433957623E-01
  1.003750000000E+00  2.378293022574E-01
  1.032500000000E+00  2.387923361758E-01
  1.061250000000E+00  2.397336106081E-01
  1.090000000000E+00  2.406541579122E-01
  1.118750000000E+00  2.415549373986E-01
  1.147500000000E+00  2.424368421237E-01
  1.176250000000E+00  2.433007049019E-01
  1.205000000000E+00  2.441473036489E-01
  1.233750000000E+00  2.449773661416E-01
  1.262500000000E+00  2.457915742706E-01
  1.291250000000E+00  2.465905678558E-01
  1.320000000000E+00  2.473749480697E-01
  1.348750000000E+00  2.481452805123E-01
  1.377500000000E+00  2.489020979821E-01
  1.406250000000E+00  2.496459029881E-01
  1.435000000000E+00  2.503771700280E-01
  1.463750000000E+00  2.510963476526E-01
  1.492500000000E+00  2.518038603366E-01
  1.521250000000E+00  2.525001101838E-01
  1.550000000000E+00  2.531854784852E-01
  1.578750000000E+00  2.538603271448E-01
  1.607500000000E+00  2.545249999860E-01
  1.636250000000E+00  2.551798239477E-01
  1.665000000000E+00  2.558251101795E-01
  1.693750000000E+00  2.564611550504E-01
  1.722500000000E+00  2.570882410788E-01
  1.751250000000E+00  2.577066377901E-01
  1.780000000000E+00  2.583166025087E-01
  1.808750000000E+00  2.589183810890E-01
  1.837500000000E+00  2.595122085926E-01
  1.866250000000E+00  2.600983099160E-01
  1.895000000000E+00  2.606769003739E-01
  1.923750000000E+00  2.612481862406E-01
  1.952500000000E+00  2.618123652539E-01
  1.981250000000E+00  2.623696270834E-01
  2.010000000000E+00  2.629201537674E-01
  2.038750000000E+00  2.634641201205E-01
  2.067500000000E+00  2.640016941141E-01
  2.096250000000E+00  2.645330372312E-01
  2.125000000000E+00  2.650583047974E-01
  2.153750000000E+00  2.655776462924E-01
  2.182500000000E+00  2.660912056434E-01
  2.211250000000E+00  2.665991214989E-01
  2.240000000000E+00  2.671015274861E-01
  2.268750000000E+00  2.675985524522E-01
  2.297500000000E+00  2.680903206915E-01
  2.326250000000E+00  2.685769521590E-01
  2.355000000000E+00  2.690585626715E-01
  2.383750000000E+00  2.695352640975E-01
  2.412500000000E+00  2.700071645356E-01
  2.441250000000E+00  2.704743684834E-01
  2.470000000000E+00  2.709369769972E-01
  2.498750000000E+00  2.713950878422E-01
  2.527500000000E+00  2.718487956349E-01
  2.556250000000E+00  2.722981919773E-01
  2.585000000000E+00  2.727433655837E-01
  2.613750000000E+00  2.731844024027E-01
  2.642500000000E+00  2.736213857316E-01
  2.671250000000E+00  2.740543963256E-01
  2.700000000000E+00  2.744835125007E-01
  2.728750000000E+00  2.749088102315E-01
  2.757500000000E+00  2.753303632442E-01
  2.786250000000E+00  2.757482431054E-01
  2.815000000000E+00  2.761625193054E-01
  2.843750000000E+00  2.765732593392E-01
  2.872500000000E+00  2.769805287820E-01
  2.901250000000E+00  2.773843913617E-01
  2.930000000000E+00  2.777849090286E-01
  2.958750000000E+00  2.781821420210E-01
  2.987500000000E+00  2.785761489279E-01
  3.016250000000E+00  2.789669867496E-01
  3.045000000000E+00  2.793547109541E-01
  3.073750000000E+00  2.797393755328E-01
  3.102500000000E+00  2.801210330522E-01
  3.131250000000E+00  2.804997347039E-01
  3.160000000000E+00  2.808755303527E-01
  3.188750000000E+00  2.812484685820E-01
  3.217500000000E+00  2.816185967380E-01
  3.246250000000E+00  2.819859609711E-01
  3.275000000000E+00  2.823506062764E-01
  3.303750000000E+00  2.827125765322E-01
  3.332500000000E+00  2.830719145366E-01
  3.361250000000E+00  2.834286620430E-01
  3.390000000000E+00  2.837828597941E-01
  3.418750000000E+00  2.841345475544E-01
  3.447500000000E+00  2.844837641415E-01
  3.476250000000E+00  2.848305474558E-01
  3.505000000000E+00  2.851749345098E-01
  3.533750000000E+00  2.855169614554E-01
  3.562500000000E+00  2.858566636107E-01
  3.591250000000E+00  2.861940754856E-01
  3.620000000000E+00  2.865292308064E-01
  3.648750000000E+00  2.868621625393E-01
  3.677500000000E+00  2.871929029135E-01
  3.706250000000E+00  2.875214834431E-01
  3.735000000000E+00  2.878479349478E-01
  3.763750000000E+00  2.881722875739E-01
  3.792500000000E+00  2.884945708135E-01
  3.821250000000E+00  2.888148135234E-01
  3.850000000000E+00  2.891330439435E-01
  3.878750000000E+00  2.894492897144E-01
  3.907500000000E+00  2.897635778939E-01
  3.936250000000E+00  2.900759349742E-01
  3.965000000000E+00  2.903863868966E-01
  3.993750000000E+00  2.906949590678E-01
  4.022500000000E+00  2.910016763739E-01
  4.051250000000E+00  2.913065631948E-01
  4.080000000000E+00  2.916096434179E-01
  4.108750000000E+00  2.919109404517E-01
  4.137500000000E+00  2.922104772380E-01
  4.166250000000E+00  2.925082762649E-01
  4.195000000000E+00  2.928043595783E-01
  4.223750000000E+00  2.930987487937E-01
  4.252500000000E+00  2.933914651077E-01
  4.281250000000E+00  2.936825293081E-01
  4.310000000000E+00  2.939719617853E-01
  4.338750000000E+00  2.942597825417E-01
  4.367500000000E+00  2.945460112021E-01
  4.396250000000E+00  2.948306670227E-01
  4.425000000000E+00  2.951137689009E-01
  4.453750000000E+00  2.953953353839E-01
  4.482500000000E+00  2.956753846773E-01
  4.511250000000E+00  2.959539346539E-01
  4.540000000000E+00  2.962310028613E-01
  4.568750000000E+00  2.965066065302E-01
  4.597500000000E+00  2.967807625819E-01
  4.626250000000E+00  2.970534876358E-01
  4.655000000000E+00  2.973247980167E-01
  4.683750000000E+00  2.975947097613E-01
  4.712500000000E+00  2.978632386256E-01
  4.741250000000E+00  2.981304000913E-01
  4.770000000000E+00  2.983962093719E-01
  4.798750000000E+00  2.986606814192E-01
  4.827500000000E+00  2.989238309288E-01
  4.856250000000E+00  2.991856723467E-01
  4.885000000000E+00  2.994462198745E-01
  4.913750000000E+00  2.997054874753E-01
  4.942500000000E+00  2.999634888790E-01
  4.971250000000E+00  3.002202375869E-01
  5.000000000000E+00  3.004757468794E-01
  5.030232478763E+00  3.007431087739E-01
  5.062023879535E+00  3.010228106445E-01
  5.095454587316E+00  3.013153541936E-01
  5.130609132117E+00  3.016212553608E-01
  5.167576402695E+00  3.019410441748E-01
  5.206449871311E+00  3.022752645483E-01
  5.247327830073E+00  3.026244740109E-01
  5.290313639469E+00  3.029892433772E-01
  5.335515989720E+00  3.033701563462E-01
  5.383049175599E+00  3.037678090292E-01
  5.433033385431E+00  3.041828094039E-01
  5.485595004987E+00  3.046157766912E-01
  5.540866937056E+00  3.050673406525E-01
  5.598988937492E+00  3.055381408059E-01
  5.660107968582E+00  3.060288255607E-01
  5.724378570651E+00  3.065400512682E-01
  5.791963252814E+00  3.070724811920E-01
  5.863032903882E+00  3.076267843955E-01
  5.937767224461E+00  3.082036345506E-01
  6.016355181325E+00  3.088037086677E-01
  6.098995485218E+00  3.094276857515E-01
  6.185897093304E+00  3.100762453867E-01
  6.277279737511E+00  3.107500662588E-01
  6.373374480132E+00  3.114498246122E-01
  6.474424298065E+00  3.121761926537E-01
  6.580684697186E+00  3.129298369063E-01
  6.692424358397E+00  3.137114165234E-01
  6.809925816991E+00  3.145215815898E-01
  6.933486177048E+00  3.153609714378E-01
  7.063417862663E+00  3.162302129882E-01
  7.200049407918E+00  3.171299190554E-01
  7.343726287582E+00  3.180606866768E-01
  7.494811790651E+00  3.190230955642E-01
  7.653687938929E+00  3.200177066718E-01
  7.820756452977E+00  3.210450608338E-01
  7.996439767863E+00  3.221056774262E-01
  8.181182101303E+00  3.232000530929E-01
  8.375450576866E+00  3.243286605714E-01
  8.579736405106E+00  3.254919476294E-01
  8.794556125590E+00  3.266903361208E-01
  9.020452912983E+00  3.279242211678E-01
  9.257997950464E+00  3.291939704780E-01
  9.507791873978E+00  3.304999237985E-01
  9.770466290947E+00  3.318423925126E-01
  1.004668537730E+01  3.332216593813E-01
  1.033714755686E+01  3.346379784284E-01
  1.064258726730E+01  3.360915749712E-01
  1.096377681720E+01  3.375826457916E-01
  1.130152833880E+01  3.391113594461E-01
  1.165669584156E+01  3.406778567087E-01
  1.203017737146E+01  3.422822511410E-01
  1.242291728176E+01  3.439246297815E-01
  1.283590862082E+01  3.456050539469E-01
  1.327019564299E+01  3.473235601353E-01
  1.372687644909E+01  3.490801610223E-01
  1.420710576289E+01  3.508748465398E-01
  1.471209785093E+01  3.527075850259E-01
  1.524312959276E+01  3.545783244366E-01
  1.580154370954E+01  3.564869936075E-01
  1.638875215916E+01  3.584335035551E-01
  1.700623970640E+01  3.604177488066E-01
  1.765556767714E+01  3.624396087489E-01
  1.833837790621E+01  3.644989489868E-01
  1.905639688881E+01  3.665956227005E-01
  1.981144014598E+01  3.687294719943E-01
  2.060541681511E+01  3.709003292288E-01
  2.144033447731E+01  3.731080183288E-01
  2.231830423355E+01  3.753523560601E-01
  2.324154604261E+01  3.776331532709E-01
  2.421239433430E+01  3.799502160900E-01
  2.523330391207E+01  3.823033470809E-01
  2.630685616005E+01  3.846923463455E-01
  2.743576557009E+01  3.871170125749E-01
  2.862288660539E+01  3.895771440472E-01
  2.987122091806E+01  3.920725395673E-01
  3.118392493885E+01  3.946029993510E-01
  3.256431785820E+01  3.971683258499E-01
  3.401589001888E+01  3.997683245201E-01
  3.554231174136E+01  4.024028045320E-01
  3.714744260428E+01  4.050715794250E-01
  3.883534120345E+01  4.077744677059E-01
  4.061027541403E+01  4.105112933938E-01
  4.247673318196E+01  4.132818865128E-01
  4.443943387176E+01  4.160860835343E-01
  4.650334019954E+01  4.189237277715E-01
  4.867367078126E+01  4.217946697270E-01
  5.095591332810E+01  4.246987673979E-01
  5.335583852220E+01  4.276358865387E-01
  5.587951460793E+01  4.306059008852E-01
  5.853332273550E+01  4.336086923429E-01
  6.132397309582E+01  4.366441511397E-01
  6.425852188729E+01  4.397121759486E-01
  6.734438915749E+01  4.428126739791E-01
  7.058937756492E+01  4.459455610433E-01
  7.400169210806E+01  4.491107615953E-01
  7.758996087189E+01  4.523082087492E-01
  8.136325684406E+01  4.555378442754E-01
  8.533112085614E+01  4.587996185780E-01
  8.950358570767E+01  4.620934906561E-01
  9.389120153429E+01  4.654194280484E-01
  9.850506248387E+01  4.687774067654E-01
  1.033568347683E+02  4.721674112086E-01
  1.084587861614E+02  4.755894340801E-01
  1.138238170187E+02  4.790434762818E-01
  1.194654928954E+02  4.825295468070E-01
  1.253980788479E+02  4.860476626260E-01
  1.316365755026E+02  4.895978485641E-01
  1.381967569854E+02  4.931801371771E-01
  1.450952108067E+02  4.967945686209E-01
  1.523493798033E+02  5.004411905192E-01
  1.599776062428E+02  5.041200578292E-01
  1.679991782024E+02  5.078312327046E-01
  1.764343783386E+02  5.115747843591E-01
  1.853045351728E+02  5.153507889282E-01
  1.946320770205E+02  5.191593293325E-01
  2.044405887014E+02  5.230004951405E-01
  2.147548711742E+02  5.268743824329E-01
  2.256010042462E+02  5.307810936689E-01
  2.370064125163E+02  5.347207375531E-01
  2.489999347185E+02  5.386934289051E-01
  2.616118966413E+02  5.426992885314E-01
  2.748741878063E+02  5.467384430997E-01
  2.888203421021E+02  5.508110250155E-01
  3.034856225744E+02  5.549171723017E-01
  3.189071105897E+02  5.590570284816E-01
  3.351237995957E+02  5.632307424643E-01
  3.521766937171E+02  5.674384684334E-01
  3.701089114347E+02  5.716803657391E-01
  3.889657946114E+02  5.759565987932E-01
  4.087950231396E+02  5.802673369677E-01
  4.296467355004E+02  5.846127544964E-01
  4.515736555398E+02  5.889930303799E-01
  4.746312257811E+02  5.934083482939E-01
  4.988777476127E+02  5.978588965006E-01
  5.243745287036E+02  6.023448677638E-01
  5.511860380208E+02  6.068664592663E-01
  5.793800688399E+02  6.114238725316E-01
  6.090279101614E+02  6.160173133480E-01
  6.402045269662E+02  6.206469916957E-01
  6.729887497651E+02  6.253131216773E-01
  7.074634739232E+02  6.300159214513E-01
  7.437158692619E+02  6.347556131679E-01
  7.818376004689E+02  6.395324229085E-01
  8.219250588739E+02  6.443465806274E-01
  8.640796061752E+02  6.491983200962E-01
  9.084078307342E+02  6.540878788512E-01
  9.550218170857E+02  6.590154981431E-01
  1.004039429345E+03  6.639814228895E-01
  1.055584609229E+03  6.689859016296E-01
  1.109787689444E+03  6.740291864810E-01
  1.166785723237E+03  6.791115330999E-01
  1.226722830931E+03  6.842332006424E-01
  1.289750564339E+03  6.893944517285E-01
  1.356028289967E+03  6.945955524084E-01
  1.425723591968E+03  6.998367721307E-01
  1.499012695886E+03  7.051183837122E-01
  1.576080914245E+03  7.104406633110E-01
  1.657123115109E+03  7.158038903999E-01
  1.742344214817E+03  7.212083477427E-01
  1.831959696108E+03  7.266543213722E-01
  1.926196152978E+03  7.321421005698E-01
  2.025291863623E+03  7.376719778467E-01
  2.129497392933E+03  7.432442489274E-01
  2.239076226042E+03  7.488592127345E-01
  2.354305434561E+03  7.545171713749E-01
  2.475476377151E+03  7.602184301284E-01
  2.602895436233E+03  7.659632974384E-01
  2.736884792677E+03  7.717520849059E-01
  2.877783240441E+03  7.775851072886E-01
  3.025947043218E+03  7.834626825074E-01
  3.181750835252E+03  7.893851316484E-01
  3.345588568607E+03  7.953527788871E-01
  3.517874509278E+03  8.013659509612E-01
  3.699044284673E+03  8.074249746363E-01
  3.889555985097E+03  8.135301663597E-01
  4.089891322046E+03  8.196817926393E-01
  4.300556846216E+03  8.258799340238E-01
  4.522085228326E+03  8.321239741524E-01
  4.755036605984E+03  8.384114633511E-01
  5.000000000000E+03  8.447323777436E-01
