  7.400000000000E-02  9.392051290025E-17
  7.475000000000E-02  9.392051290025E-17
  7.550000000000E-02  9.392051290025E-17
  7.625000000000E-02  9.392051290025E-17
  7.700000000000E-02  9.392051290025E-17
  7.775000000000E-02  9.392051290025E-17
  7.850000000000E-02  9.392051290025E-17
  7.925000000000E-02  9.392051290025E-17
  8.000000000000E-02  9.392051290025E-17
  8.075000000000E-02  9.392051290025E-17
  8.155057911714E-02  9.392051290025E-17
  8.240514834755E-02  9.392051290025E-17
  8.331734872090E-02  9.392051290025E-17
  8.429106681365E-02  9.392051290025E-17
  8.533045130836E-02  9.392051290025E-17
  8.643993066989E-02  9.392051290025E-17
  8.762423201355E-02  9.392051290025E-17
  8.888840124573E-02  9.392051290025E-17
  9.023782456282E-02  9.392051290025E-17
  9.167825139995E-02  9.392051290025E-17
  9.321581892739E-02  9.392051290025E-17
  9.485707819895E-02  9.392051290025E-17
  9.660902206378E-02  9.392051290025E-17
  9.847911496056E-02  9.392051290025E-17
  1.004753247209E-01  9.392051290025E-17
  1.026061565177E-01  9.392051290025E-17
  1.048806891026E-01  9.392051290025E-17
  1.073086134876E-01  9.392051290025E-17
  1.099002742350E-01  9.392051290025E-17
  1.126667135325E-01  9.392051290025E-17
  1.156197182397E-01  9.392051290025E-17
  1.187718701083E-01  9.392051290025E-17
  1.221365993884E-01  9.392051290025E-17
  1.257282420503E-01  9.392051290025E-17
  1.295621008655E-01  9.392051290025E-17
  1.336545106062E-01  9.392051290025E-17
  1.380229076425E-01  9.392051290025E-17
  1.426859042326E-01  9.392051290025E-17
  1.476633678238E-01  9.392051290025E-17
  1.529765057003E-01  9.392051290025E-17
  1.586479553410E-01  9.392051290025E-17
  1.647018808693E-01  9.392051290025E-17
  1.711640760088E-01  9.392051290025E-17
  1.780620739817E-01  9.392051290025E-17
  1.854252648179E-01  9.392051290025E-17
  1.932850205766E-01  9.392051290025E-17
  2.016748290116E-01  9.392051290025E-17
  2.106304362515E-01  9.392051290025E-17
  2.201899991016E-01  9.392051290025E-17
  2.303942476173E-01  9.392051290025E-17
  2.412866586410E-01  9.392051290025E-17
  2.529136410423E-01  9.392051290025E-17
  2.653247334501E-01  9.392051290025E-17
  2.785728153202E-01  9.392051290025E-17
  2.927143322368E-01  9.392051290025E-17
  3.078095364076E-01  9.392051290025E-17
  3.239227433785E-01  9.392051290025E-17
  3.411226060600E-01  9.392051290025E-17
  3.594824072340E-01  9.392051290025E-17
  3.790803717871E-01  9.392051290025E-17
  4.000000000000E-01  9.392051290025E-17
  4.287500000000E-01  2.129357536790E-03
  4.575000000000E-01  3.770213214651E-03
  4.862500000000E-01  5.046325006071E-03
  5.150000000000E-01  6.045649630539E-03
  5.437500000000E-01  6.831801323513E-03
  5.725000000000E-01  7.451721020399E-03
  6.012500000000E-01  7.940591031026E-03
  6.300000000000E-01  8.325160545272E-03
  6.587500000000E-01  8.626022676340E-03
  6.875000000000E-01  8.859209555765E-03
  7.162500000000E-01  9.037328535966E-03
  7.450000000000E-01  9.170384081590E-03
  7.737500000000E-01  9.266380544453E-03
  8.025000000000E-01  9.331769943387E-03
  8.312500000000E-01  9.371788421376E-03
  8.600000000000E-01  9.390711757625E-03
  8.887500000000E-01  9.392051290024E-03
  9.175000000000E-01  9.378705499134E-03
  9.462500000000E-01  9.353078324451E-03
  9.750000000000E-01  9.317172193612E-03
  1.003750000000E+00  9.272661672565E-03
  1.032500000000E+00  9.220952255232E-03
  1.061250000000E+00  9.163227515932E-03
  1.090000000000E+00  9.100487081689E-03
  1.118750000000E+00  9.033577543912E-03
  1.147500000000E+00  8.963217702665E-03
  1.176250000000E+00  8.890019156878E-03
  1.205000000000E+00  8.814503278542E-03
  1.233750000000E+00  8.737115307592E-03
  1.262500000000E+00  8.658236038539E-03
  1.291250000000E+00  8.578191526553E-03
  1.320000000000E+00  8.497261214007E-03
  1.348750000000E+00  8.415684765737E-03
  1.377500000000E+00  8.333667820056E-03
  1.406250000000E+00  8.251386843651E-03
  1.435000000000E+00  8.168993253812E-03
  1.463750000000E+00  8.086616916239E-03
  1.492500000000E+00  8.004369110670E-03
  1.521250000000E+00  7.922345062556E-03
  1.550000000000E+00  7.840626113212E-03
  1.578750000000E+00  7.759281590259E-03
  1.607500000000E+00  7.678370429160E-03
  1.636250000000E+00  7.597942557603E-03
  1.665000000000E+00  7.518040070571E-03
  1.693750000000E+00  7.438698250349E-03
  1.722500000000E+00  7.359946456906E-03
  1.751250000000E+00  7.281808899735E-03
  1.780000000000E+00  7.204305307564E-03
  1.808750000000E+00  7.127451520853E-03
  1.837500000000E+00  7.051260012630E-03
  1.866250000000E+00  6.975740324211E-03
  1.895000000000E+00  6.900899441060E-03
  1.923750000000E+00  6.826742130138E-03
  1.952500000000E+00  6.753271235433E-03
  1.981250000000E+00  6.680487936467E-03
  2.010000000000E+00  6.608391974566E-03
  2.038750000000E+00  6.536981851041E-03
  2.067500000000E+00  6.466255000839E-03
  2.096250000000E+00  6.396207946260E-03
  2.125000000000E+00  6.326836432520E-03
  2.153750000000E+00  6.258135544121E-03
  2.182500000000E+00  6.190099805902E-03
  2.211250000000E+00  6.122723273006E-03
  2.240000000000E+00  6.055999610272E-03
  2.268750000000E+00  5.989922161810E-03
  2.297500000000E+00  5.924484011956E-03
  2.326250000000E+00  5.859678038645E-03
  2.355000000000E+00  5.795496960119E-03
  2.383750000000E+00  5.731933375767E-03
  2.412500000000E+00  5.668979801776E-03
  2.441250000000E+00  5.606628702233E-03
  2.470000000000E+00  5.544872516190E-03
  2.498750000000E+00  5.483703681193E-03
  2.527500000000E+00  5.423114653463E-03
  2.556250000000E+00  5.363097924436E-03
  2.585000000000E+00  5.303646034907E-03
  2.613750000000E+00  5.244751588704E-03
  2.642500000000E+00  5.186407264557E-03
  2.671250000000E+00  5.128605825411E-03
  2.700000000000E+00  5.071340126199E-03
  2.728750000000E+00  5.014603120287E-03
  2.757500000000E+00  4.958387864740E-03
  2.786250000000E+00  4.902687524578E-03
  2.815000000000E+00  4.847495376119E-03
  2.843750000000E+00  4.792804809531E-03
  2.872500000000E+00  4.738609330691E-03
  2.901250000000E+00  4.684902562437E-03
  2.930000000000E+00  4.631678245279E-03
  2.958750000000E+00  4.578930237650E-03
  2.987500000000E+00  4.526652515754E-03
  3.016250000000E+00  4.474839173051E-03
  3.045000000000E+00  4.423484419453E-03
  3.073750000000E+00  4.372582580241E-03
  3.102500000000E+00  4.322128094768E-03
  3.131250000000E+00  4.272115514970E-03
  3.160000000000E+00  4.222539503706E-03
  3.188750000000E+00  4.173394832968E-03
  3.217500000000E+00  4.124676381983E-03
  3.246250000000E+00  4.076379135208E-03
  3.275000000000E+00  4.028498180265E-03
  3.303750000000E+00  3.981028705811E-03
  3.332500000000E+00  3.933965999363E-03
  3.361250000000E+00  3.887305445095E-03
  3.390000000000E+00  3.841042521612E-03
  3.418750000000E+00  3.795172799713E-03
  3.447500000000E+00  3.749691940153E-03
  3.476250000000E+00  3.704595691408E-03
  3.505000000000E+00  3.659879887455E-03
  3.533750000000E+00  3.615540445561E-03
  3.562500000000E+00  3.571573364104E-03
  3.591250000000E+00  3.527974720413E-03
  3.620000000000E+00  3.484740668639E-03
  3.648750000000E+00  3.441867437658E-03
  3.677500000000E+00  3.399351329012E-03
  3.706250000000E+00  3.357188714885E-03
  3.735000000000E+00  3.315376036112E-03
  3.763750000000E+00  3.273909800244E-03
  3.792500000000E+00  3.232786579636E-03
  3.821250000000E+00  3.192003009587E-03
  3.850000000000E+00  3.151555786526E-03
  3.878750000000E+00  3.111441666231E-03
  3.907500000000E+00  3.071657462101E-03
  3.936250000000E+00  3.032200043465E-03
  3.965000000000E+00  2.993066333938E-03
  3.993750000000E+00  2.954253309818E-03
  4.022500000000E+00  2.915757998529E-03
  4.051250000000E+00  2.877577477101E-03
  4.080000000000E+00  2.839708870701E-03
  4.108750000000E+00  2.802149351194E-03
  4.137500000000E+00  2.764896135752E-03
  4.166250000000E+00  2.727946485505E-03
  4.195000000000E+00  2.691297704225E-03
  4.223750000000E+00  2.654947137055E-03
  4.252500000000E+00  2.618892169269E-03
  4.281250000000E+00  2.583130225077E-03
  4.310000000000E+00  2.547658766459E-03
  4.338750000000E+00  2.512475292042E-03
  4.367500000000E+00  2.477577336004E-03
  4.396250000000E+00  2.442962467018E-03
  4.425000000000E+00  2.408628287223E-03
  4.453750000000E+00  2.374572431235E-03
  4.482500000000E+00  2.340792565184E-03
  4.511250000000E+00  2.307286385776E-03
  4.540000000000E+00  2.274051619401E-03
  4.568750000000E+00  2.241086021249E-03
  4.597500000000E+00  2.208387374472E-03
  4.626250000000E+00  2.175953489357E-03
  4.655000000000E+00  2.143782202540E-03
  4.683750000000E+00  2.111871376231E-03
  4.712500000000E+00  2.080218897470E-03
  4.741250000000E+00  2.048822677403E-03
  4.770000000000E+00  2.017680650573E-03
  4.798750000000E+00  1.986790774112E-03
  4.827500000000E+00  1.956151027030E-03
  4.856250000000E+00  1.925759409772E-03
  4.885000000000E+00  1.895613943748E-03
  4.913750000000E+00  1.865712670747E-03
  4.942500000000E+00  1.836053652364E-03
  4.971250000000E+00  1.806634969435E-03
  5.000000000000E+00  1.777454721568E-03
  5.030232478763E+00  1.747024961172E-03
  5.062023879535E+00  1.715305910356E-03
  5.095454587316E+00  1.682257994145E-03
  5.130609132117E+00  1.647842036879E-03
  5.167576402695E+00  1.612019480696E-03
  5.206449871311E+00  1.574752627439E-03
  5.247327830073E+00  1.536004905248E-03
  5.290313639469E+00  1.495741161183E-03
  5.335515989720E+00  1.453927980976E-03
  5.383049175599E+00  1.410534035960E-03
  5.433033385431E+00  1.365530457392E-03
  5.485595004987E+00  1.318891239027E-03
  5.540866937056E+00  1.270593667742E-03
  5.598988937492E+00  1.220618781059E-03
  5.660107968582E+00  1.168951852800E-03
  5.724378570651E+00  1.115582900643E-03
  5.791963252814E+00  1.060507205376E-03
  5.863032903882E+00  1.003725843000E-03
  5.937767224461E+00  9.452462321173E-04
  6.016355181325E+00  8.850826739791E-04
  6.098995485218E+00  8.232568641253E-04
  6.185897093304E+00  7.597983750236E-04
  6.277279737511E+00  6.947450830651E-04
  6.373374480132E+00  6.281435089030E-04
  6.474424298065E+00  5.600490431214E-04
  6.580684697186E+00  4.905260338888E-04
  6.692424358397E+00  4.196477252319E-04
  6.809925816991E+00  3.474960050333E-04
  6.933486177048E+00  2.741608439545E-04
  7.063417862663E+00  1.997390596588E-04
  7.200049407918E+00  1.243321372660E-04
  7.343726287582E+00  4.804344470902E-05
  7.494811790651E+00  9.392051290025E-17
  7.653687938929E+00  9.392051290025E-17
  7.820756452977E+00  9.392051290025E-17
  7.996439767863E+00  9.392051290025E-17
  8.181182101303E+00  9.392051290025E-17
  8.375450576866E+00  9.392051290025E-17
  8.579736405106E+00  9.392051290025E-17
  8.794556125590E+00  9.392051290025E-17
  9.020452912983E+00  9.392051290025E-17
  9.257997950464E+00  9.392051290025E-17
  9.507791873978E+00  9.392051290025E-17
  9.770466290947E+00  9.392051290025E-17
  1.004668537730E+01  9.392051290025E-17
  1.033714755686E+01  9.392051290025E-17
  1.064258726730E+01  9.392051290025E-17
  1.096377681720E+01  9.392051290025E-17
  1.130152833880E+01  9.392051290025E-17
  1.165669584156E+01  9.392051290025E-17
  1.203017737146E+01  9.392051290025E-17
  1.242291728176E+01  9.392051290025E-17
  1.283590862082E+01  9.392051290025E-17
  1.327019564299E+01  9.392051290025E-17
  1.372687644909E+01  9.392051290025E-17
  1.420710576289E+01  9.392051290025E-17
  1.471209785093E+01  9.392051290025E-17
  1.524312959276E+01  9.392051290025E-17
  1.580154370954E+01  9.392051290025E-17
  1.638875215916E+01  9.392051290025E-17
  1.700623970640E+01  9.392051290025E-17
  1.765556767714E+01  9.392051290025E-17
  1.833837790621E+01  9.392051290025E-17
  1.905639688881E+01  9.392051290025E-17
  1.981144014598E+01  9.392051290025E-17
  2.060541681511E+01  9.392051290025E-17
  2.144033447731E+01  9.392051290025E-17
  2.231830423355E+01  9.392051290025E-17
  2.324154604261E+01  9.392051290025E-17
  2.421239433430E+01  9.392051290025E-17
  2.523330391207E+01  9.392051290025E-17
  2.630685616005E+01  9.392051290025E-17
  2.743576557009E+01  9.392051290025E-17
  2.862288660539E+01  9.392051290025E-17
  2.987122091806E+01  9.392051290025E-17
  3.118392493885E+01  9.392051290025E-17
  3.256431785820E+01  9.392051290025E-17
  3.401589001888E+01  9.392051290025E-17
  3.554231174136E+01  9.392051290025E-17
  3.714744260428E+01  9.392051290025E-17
  3.883534120345E+01  9.392051290025E-17
  4.061027541403E+01  9.392051290025E-17
  4.247673318196E+01  9.392051290025E-17
  4.443943387176E+01  9.392051290025E-17
  4.650334019954E+01  9.392051290025E-17
  4.867367078126E+01  9.392051290025E-17
  5.095591332810E+01  9.392051290025E-17
  5.335583852220E+01  9.392051290025E-17
  5.587951460793E+01  9.392051290025E-17
  5.853332273550E+01  9.392051290025E-17
  6.132397309582E+01  9.392051290025E-17
  6.425852188729E+01  9.392051290025E-17
  6.734438915749E+01  9.392051290025E-17
  7.058937756492E+01  9.392051290025E-17
  7.400169210806E+01  9.392051290025E-17
  7.758996087189E+01  9.392051290025E-17
  8.136325684406E+01  9.392051290025E-17
  8.533112085614E+01  9.392051290025E-17
  8.950358570767E+01  9.392051290025E-17
  9.389120153429E+01  9.392051290025E-17
  9.850506248387E+01  9.392051290025E-17
  1.033568347683E+02  9.392051290025E-17
  1.084587861614E+02  9.392051290025E-17
  1.138238170187E+02  9.392051290025E-17
  1.194654928954E+02  9.392051290025E-17
  1.253980788479E+02  9.392051290025E-17
  1.316365755026E+02  9.392051290025E-17
  1.381967569854E+02  9.392051290025E-17
  1.450952108067E+02  9.392051290025E-17
  1.523493798033E+02  9.392051290025E-17
  1.599776062428E+02  9.392051290025E-17
  1.679991782024E+02  9.392051290025E-17
  1.764343783386E+02  9.392051290025E-17
  1.853045351728E+02  9.392051290025E-17
  1.946320770205E+02  9.392051290025E-17
  2.044405887014E+02  9.392051290025E-17
  2.147548711742E+02  9.392051290025E-17
  2.256010042462E+02  9.392051290025E-17
  2.370064125163E+02  9.392051290025E-17
  2.489999347185E+02  9.392051290025E-17
  2.616118966413E+02  9.392051290025E-17
  2.748741878063E+02  9.392051290025E-17
  2.888203421021E+02  9.392051290025E-17
  3.034856225744E+02  9.392051290025E-17
  3.189071105897E+02  9.392051290025E-17
  3.351237995957E+02  9.392051290025E-17
  3.521766937171E+02  9.392051290025E-17
  3.701089114347E+02  9.392051290025E-17
  3.889657946114E+02  9.392051290025E-17
  4.087950231396E+02  9.392051290025E-17
  4.296467355004E+02  9.392051290025E-17
  4.515736555398E+02  9.392051290025E-17
  4.746312257811E+02  9.392051290025E-17
  4.988777476127E+02  9.392051290025E-17
  5.243745287036E+02  9.392051290025E-17
  5.511860380208E+02  9.392051290025E-17
  5.793800688399E+02  9.392051290025E-17
  6.090279101614E+02  9.392051290025E-17
  6.402045269662E+02  9.392051290025E-17
  6.729887497651E+02  9.392051290025E-17
  7.074634739232E+02  9.392051290025E-17
  7.437158692619E+02  9.392051290025E-17
  7.818376004689E+02  9.392051290025E-17
  8.219250588739E+02  9.392051290025E-17
  8.640796061752E+02  9.392051290025E-17
  9.084078307342E+02  9.392051290025E-17
  9.550218170857E+02  9.392051290025E-17
  1.004039429345E+03  9.392051290025E-17
  1.055584609229E+03  9.392051290025E-17
  1.109787689444E+03  9.392051290025E-17
  1.166785723237E+03  9.392051290025E-17
  1.226722830931E+03  9.392051290025E-17
  1.289750564339E+03  9.392051290025E-17
  1.356028289967E+03  9.392051290025E-17
  1.425723591968E+03  9.392051290025E-17
  1.499012695886E+03  9.392051290025E-17
  1.576080914245E+03  9.392051290025E-17
  1.657123115109E+03  9.392051290025E-17
  1.742344214817E+03  9.392051290025E-17
  1.831959696108E+03  9.392051290025E-17
  1.926196152978E+03  9.392051290025E-17
  2.025291863623E+03  9.392051290025E-17
  2.129497392933E+03  9.392051290025E-17
  2.239076226042E+03  9.392051290025E-17
  2.354305434561E+03  9.392051290025E-17
  2.475476377151E+03  9.392051290025E-17
  2.602895436233E+03  9.392051290025E-17
  2.736884792677E+03  9.392051290025E-17
  2.877783240441E+03  9.392051290025E-17
  3.025947043218E+03  9.392051290025E-17
  3.181750835252E+03  9.392051290025E-17
  3.345588568607E+03  9.392051290025E-17
  3.517874509278E+03  9.392051290025E-17
  3.699044284673E+03  9.392051290025E-17
  3.889555985097E+03  9.392051290025E-17
  4.089891322046E+03  9.392051290025E-17
  4.300556846216E+03  9.392051290025E-17
  4.522085228326E+03  9.392051290025E-17
  4.755036605984E+03  9.392051290025E-17
  5.000000000000E+03  9.392051290025E-17
