  7.400000000000E-02  9.392051290025E-17
  7.475000000000E-02  9.392051290025E-17
  7.550000000000E-02  9.392051290025E-17
  7.625000000000E-02  9.392051290025E-17
  7.700000000000E-02  9.392051290025E-17
  7.775000000000E-02  9.392051290025E-17
  7.850000000000E-02  9.392051290025E-17
  7.925000000000E-02  9.392051290025E-17
  8.000000000000E-02  9.392051290025E-17
  8.075000000000E-02  9.392051290025E-17
  8.155057911714E-02  9.392051290025E-17
  8.240514834755E-02  9.392051290025E-17
  8.331734872090E-02  9.392051290025E-17
  8.429106681365E-02  9.392051290025E-17
  8.533045130836E-02  9.392051290025E-17
  8.643993066989E-02  9.392051290025E-17
  8.762423201355E-02  9.392051290025E-17
  8.888840124573E-02  9.392051290025E-17
  9.023782456282E-02  9.392051290025E-17
  9.167825139995E-02  9.392051290025E-17
  9.321581892739E-02  9.392051290025E-17
  9.485707819895E-02  9.392051290025E-17
  9.660902206378E-02  9.392051290025E-17
  9.847911496056E-02  9.392051290025E-17
  1.004753247209E-01  9.392051290025E-17
  1.026061565177E-01  9.392051290025E-17
  1.048806891026E-01  9.392051290025E-17
  1.073086134876E-01  9.392051290025E-17
  1.099002742350E-01  9.392051290025E-17
  1.126667135325E-01  9.392051290025E-17
  1.156197182397E-01  9.392051290025E-17
  1.187718701083E-01  9.392051290025E-17
  1.221365993884E-01  9.392051290025E-17
  1.257282420503E-01  9.392051290025E-17
  1.295621008655E-01  9.392051290025E-17
  1.336545106062E-01  9.392051290025E-17
  1.380229076425E-01  9.392051290025E-17
  1.426859042326E-01  9.392051290025E-17
  1.476633678238E-01  9.392051290025E-17
  1.529765057003E-01  9.392051290025E-17
  1.586479553410E-01  9.392051290025E-17
  1.647018808693E-01  9.392051290025E-17
  1.711640760088E-01  9.392051290025E-17
  1.780620739817E-01  9.392051290025E-17
  1.854252648179E-01  9.392051290025E-17
  1.932850205766E-01  9.392051290025E-17
  2.016748290116E-01  9.392051290025E-17
  2.106304362515E-01  9.392051290025E-17
  2.201899991016E-01  9.392051290025E-17
  2.303942476173E-01  9.392051290025E-17
  2.412866586410E-01  9.392051290025E-17
  2.529136410423E-01  9.392051290025E-17
  2.653247334501E-01  9.392051290025E-17
  2.785728153202E-01  9.392051290025E-17
  2.927143322368E-01  9.392051290025E-17
  3.078095364076E-01  9.392051290025E-17
  3.239227433785E-01  9.392051290025E-17
  3.411226060600E-01  9.392051290025E-17
  3.594824072340E-01  9.392051290025E-17
  3.790803717871E-01  9.392051290025E-17
  4.000000000000E-01  9.392051290025E-17
  4.287500000000E-01  2.012173182622E-03
  4.575000000000E-01  3.560947893121E-03
  4.862500000000E-01  4.760430855471E-03
  5.150000000000E-01  5.695143395528E-03
  5.437500000000E-01  6.426196588778E-03
  5.725000000000E-01  6.998667946921E-03
  6.012500000000E-01  7.446326683723E-03
  6.300000000000E-01  7.794833102099E-03
  6.587500000000E-01  8.063929268340E-03
  6.875000000000E-01  8.268973574554E-03
  7.162500000000E-01  8.422033627343E-03
  7.450000000000E-01  8.532676774966E-03
  7.737500000000E-01  8.608549945662E-03
  8.025000000000E-01  8.655810268087E-03
  8.312500000000E-01  8.679448576128E-03
  8.600000000000E-01  8.683535030966E-03
  8.887500000000E-01  8.671407413667E-03
  9.175000000000E-01  8.645816795532E-03
  9.462500000000E-01  8.609041120731E-03
  9.750000000000E-01  8.562974514805E-03
  1.003750000000E+00  8.509197992361E-03
  1.032500000000E+00  8.449035776254E-03
  1.061250000000E+00  8.383600476550E-03
  1.090000000000E+00  8.313829561440E-03
  1.118750000000E+00  8.240514929135E-03
  1.147500000000E+00  8.164326960649E-03
  1.176250000000E+00  8.085834256744E-03
  1.205000000000E+00  8.005519925042E-03
  1.233750000000E+00  7.923795002181E-03
  1.262500000000E+00  7.841009549496E-03
  1.291250000000E+00  7.757461921667E-03
  1.320000000000E+00  7.673406544578E-03
  1.348750000000E+00  7.589060425331E-03
  1.377500000000E+00  7.504608611653E-03
  1.406250000000E+00  7.420208793718E-03
  1.435000000000E+00  7.335995210030E-03
  1.463750000000E+00  7.252081967009E-03
  1.492500000000E+00  7.168565857264E-03
  1.521250000000E+00  7.085528760970E-03
  1.550000000000E+00  7.003039700668E-03
  1.578750000000E+00  6.921156605972E-03
  1.607500000000E+00  6.839927825675E-03
  1.636250000000E+00  6.759393422031E-03
  1.665000000000E+00  6.679586286450E-03
  1.693750000000E+00  6.600533104248E-03
  1.722500000000E+00  6.522255188427E-03
  1.751250000000E+00  6.444769201055E-03
  1.780000000000E+00  6.368087783948E-03
  1.808750000000E+00  6.292220111574E-03
  1.837500000000E+00  6.217172362745E-03
  1.866250000000E+00  6.142948123771E-03
  1.895000000000E+00  6.069548743437E-03
  1.923750000000E+00  5.996973644881E-03
  1.952500000000E+00  5.925220597598E-03
  1.981250000000E+00  5.854285954737E-03
  2.010000000000E+00  5.784164860205E-03
  2.038750000000E+00  5.714851429435E-03
  2.067500000000E+00  5.646338907204E-03
  2.096250000000E+00  5.578619808234E-03
  2.125000000000E+00  5.511686042372E-03
  2.153750000000E+00  5.445529019442E-03
  2.182500000000E+00  5.380139737491E-03
  2.211250000000E+00  5.315508861991E-03
  2.240000000000E+00  5.251626796347E-03
  2.268750000000E+00  5.188483743360E-03
  2.297500000000E+00  5.126069758754E-03
  2.326250000000E+00  5.064374797721E-03
  2.355000000000E+00  5.003388755344E-03
  2.383750000000E+00  4.943101501640E-03
  2.412500000000E+00  4.883502911864E-03
  2.441250000000E+00  4.824582892648E-03
  2.470000000000E+00  4.766331404480E-03
  2.498750000000E+00  4.708738480947E-03
  2.527500000000E+00  4.651794245151E-03
  2.556250000000E+00  4.595488923615E-03
  2.585000000000E+00  4.539812857988E-03
  2.613750000000E+00  4.484756514822E-03
  2.642500000000E+00  4.430310494088E-03
  2.671250000000E+00  4.376465536187E-03
  2.700000000000E+00  4.323212526770E-03
  2.728750000000E+00  4.270542500446E-03
  2.757500000000E+00  4.218446643941E-03
  2.786250000000E+00  4.166916298383E-03
  2.815000000000E+00  4.115942960810E-03
  2.843750000000E+00  4.065518284992E-03
  2.872500000000E+00  4.015634081665E-03
  2.901250000000E+00  3.966282318255E-03
  2.930000000000E+00  3.917455118155E-03
  2.958750000000E+00  3.869144759630E-03
  2.987500000000E+00  3.821343674388E-03
  3.016250000000E+00  3.774044445880E-03
  3.045000000000E+00  3.727239807357E-03
  3.073750000000E+00  3.680922639734E-03
  3.102500000000E+00  3.635085969285E-03
  3.131250000000E+00  3.589722965202E-03
  3.160000000000E+00  3.544826937046E-03
  3.188750000000E+00  3.500391332105E-03
  3.217500000000E+00  3.456409732686E-03
  3.246250000000E+00  3.412875853356E-03
  3.275000000000E+00  3.369783538147E-03
  3.303750000000E+00  3.327126757740E-03
  3.332500000000E+00  3.284899606635E-03
  3.361250000000E+00  3.243096300326E-03
  3.390000000000E+00  3.201711172478E-03
  3.418750000000E+00  3.160738672128E-03
  3.447500000000E+00  3.120173360906E-03
  3.476250000000E+00  3.080009910277E-03
  3.505000000000E+00  3.040243098834E-03
  3.533750000000E+00  3.000867809610E-03
  3.562500000000E+00  2.961879027445E-03
  3.591250000000E+00  2.923271836390E-03
  3.620000000000E+00  2.885041417163E-03
  3.648750000000E+00  2.847183044644E-03
  3.677500000000E+00  2.809692085436E-03
  3.706250000000E+00  2.772563995459E-03
  3.735000000000E+00  2.735794317609E-03
  3.763750000000E+00  2.699378679470E-03
  3.792500000000E+00  2.663312791067E-03
  3.821250000000E+00  2.627592442685E-03
  3.850000000000E+00  2.592213502738E-03
  3.878750000000E+00  2.557171915685E-03
  3.907500000000E+00  2.522463700007E-03
  3.936250000000E+00  2.488084946228E-03
  3.965000000000E+00  2.454031814997E-03
  3.993750000000E+00  2.420300535210E-03
  4.022500000000E+00  2.386887402193E-03
  4.051250000000E+00  2.353788775921E-03
  4.080000000000E+00  2.321001079302E-03
  4.108750000000E+00  2.288520796488E-03
  4.137500000000E+00  2.256344471289E-03
  4.166250000000E+00  2.224468705706E-03
  4.195000000000E+00  2.192890158447E-03
  4.223750000000E+00  2.161605543296E-03
  4.252500000000E+00  2.130611627580E-03
  4.281250000000E+00  2.099905230761E-03
  4.310000000000E+00  2.069483223075E-03
  4.338750000000E+00  2.039342524205E-03
  4.367500000000E+00  2.009480101995E-03
  4.396250000000E+00  1.979892971202E-03
  4.425000000000E+00  1.950578192281E-03
  4.453750000000E+00  1.921532870208E-03
  4.482500000000E+00  1.892754153336E-03
  4.511250000000E+00  1.864239232290E-03
  4.540000000000E+00  1.835985338887E-03
  4.568750000000E+00  1.807989745093E-03
  4.597500000000E+00  1.780249762014E-03
  4.626250000000E+00  1.752762738914E-03
  4.655000000000E+00  1.725526062264E-03
  4.683750000000E+00  1.698537154823E-03
  4.712500000000E+00  1.671793474752E-03
  4.741250000000E+00  1.645292514963E-03
  4.770000000000E+00  1.619031802582E-03
  4.798750000000E+00  1.593008897958E-03
  4.827500000000E+00  1.567221393457E-03
  4.856250000000E+00  1.541666912546E-03
  4.885000000000E+00  1.516343109072E-03
  4.913750000000E+00  1.491247666552E-03
  4.942500000000E+00  1.466378297492E-03
  4.971250000000E+00  1.441732742713E-03
  5.000000000000E+00  1.417308770740E-03
  5.030232478763E+00  1.391862002774E-03
  5.062023879535E+00  1.365361997220E-03
  5.095454587316E+00  1.337778697464E-03
  5.130609132117E+00  1.309082601135E-03
  5.167576402695E+00  1.279244945570E-03
  5.206449871311E+00  1.248237909123E-03
  5.247327830073E+00  1.216034830020E-03
  5.290313639469E+00  1.182610443487E-03
  5.335515989720E+00  1.147941136745E-03
  5.383049175599E+00  1.112005221843E-03
  5.433033385431E+00  1.074783225560E-03
  5.485595004987E+00  1.036258194467E-03
  5.540866937056E+00  9.964160138500E-04
  5.598988937492E+00  9.552457385336E-04
  5.660107968582E+00  9.127399317592E-04
  5.724378570651E+00  8.688950099001E-04
  5.791963252814E+00  8.237115855744E-04
  5.863032903882E+00  7.771948016979E-04
  5.937767224461E+00  7.293546535826E-04
  6.016355181325E+00  6.802062883352E-04
  6.098995485218E+00  6.297702716029E-04
  6.185897093304E+00  5.780728099547E-04
  6.277279737511E+00  5.251459025856E-04
  6.373374480132E+00  4.710273752757E-04
  6.474424298065E+00  4.157607137379E-04
  6.580684697186E+00  3.593946171955E-04
  6.692424358397E+00  3.019823326742E-04
  6.809925816991E+00  2.435807505257E-04
  6.933486177048E+00  1.884291511059E-04
  7.063417862663E+00  1.677344861163E-04
  7.200049407918E+00  1.467583036325E-04
  7.343726287582E+00  1.255207881267E-04
  7.494811790651E+00  1.040432448648E-04
  7.653687938929E+00  8.234802670447E-05
  7.820756452977E+00  6.045845131220E-05
  7.996439767863E+00  3.839870981061E-05
  8.181182101303E+00  2.003509254323E-05
  8.375450576866E+00  6.655297413972E-06
  8.579736405106E+00  8.831858121717E-17
  8.794556125590E+00  8.831858121717E-17
  9.020452912983E+00  8.831858121717E-17
  9.257997950464E+00  8.831858121717E-17
  9.507791873978E+00  8.831858121717E-17
  9.770466290947E+00  8.831858121717E-17
  1.004668537730E+01  8.831858121717E-17
  1.033714755686E+01  8.831858121717E-17
  1.064258726730E+01  8.831858121717E-17
  1.096377681720E+01  8.831858121717E-17
  1.130152833880E+01  8.831858121717E-17
  1.165669584156E+01  8.831858121717E-17
  1.203017737146E+01  8.831858121717E-17
  1.242291728176E+01  8.831858121717E-17
  1.283590862082E+01  8.831858121717E-17
  1.327019564299E+01  8.831858121717E-17
  1.372687644909E+01  8.831858121717E-17
  1.420710576289E+01  8.831858121717E-17
  1.471209785093E+01  8.831858121717E-17
  1.524312959276E+01  8.831858121717E-17
  1.580154370954E+01  8.831858121717E-17
  1.638875215916E+01  8.831858121717E-17
  1.700623970640E+01  8.831858121717E-17
  1.765556767714E+01  8.831858121717E-17
  1.833837790621E+01  8.831858121717E-17
  1.905639688881E+01  8.831858121717E-17
  1.981144014598E+01  8.831858121717E-17
  2.060541681511E+01  8.831858121717E-17
  2.144033447731E+01  8.831858121717E-17
  2.231830423355E+01  8.831858121717E-17
  2.324154604261E+01  8.831858121717E-17
  2.421239433430E+01  8.831858121717E-17
  2.523330391207E+01  8.831858121717E-17
  2.630685616005E+01  8.831858121717E-17
  2.743576557009E+01  8.831858121717E-17
  2.862288660539E+01  8.831858121717E-17
  2.987122091806E+01  8.831858121717E-17
  3.118392493885E+01  8.831858121717E-17
  3.256431785820E+01  8.831858121717E-17
  3.401589001888E+01  8.831858121717E-17
  3.554231174136E+01  8.831858121717E-17
  3.714744260428E+01  8.831858121717E-17
  3.883534120345E+01  8.831858121717E-17
  4.061027541403E+01  8.831858121717E-17
  4.247673318196E+01  8.831858121717E-17
  4.443943387176E+01  8.831858121717E-17
  4.650334019954E+01  8.831858121717E-17
  4.867367078126E+01  8.831858121717E-17
  5.095591332810E+01  8.831858121717E-17
  5.335583852220E+01  8.831858121717E-17
  5.587951460793E+01  8.831858121717E-17
  5.853332273550E+01  8.831858121717E-17
  6.132397309582E+01  8.831858121717E-17
  6.425852188729E+01  8.831858121717E-17
  6.734438915749E+01  8.831858121717E-17
  7.058937756492E+01  8.831858121717E-17
  7.400169210806E+01  8.831858121717E-17
  7.758996087189E+01  8.831858121717E-17
  8.136325684406E+01  8.831858121717E-17
  8.533112085614E+01  8.831858121717E-17
  8.950358570767E+01  8.831858121717E-17
  9.389120153429E+01  8.831858121717E-17
  9.850506248387E+01  8.831858121717E-17
  1.033568347683E+02  8.831858121717E-17
  1.084587861614E+02  8.831858121717E-17
  1.138238170187E+02  8.831858121717E-17
  1.194654928954E+02  8.831858121717E-17
  1.253980788479E+02  8.831858121717E-17
  1.316365755026E+02  8.831858121717E-17
  1.381967569854E+02  8.831858121717E-17
  1.450952108067E+02  8.831858121717E-17
  1.523493798033E+02  8.831858121717E-17
  1.599776062428E+02  8.831858121717E-17
  1.679991782024E+02  8.831858121717E-17
  1.764343783386E+02  8.831858121717E-17
  1.853045351728E+02  8.831858121717E-17
  1.946320770205E+02  8.831858121717E-17
  2.044405887014E+02  8.831858121717E-17
  2.147548711742E+02  8.831858121717E-17
  2.256010042462E+02  8.831858121717E-17
  2.370064125163E+02  8.831858121717E-17
  2.489999347185E+02  8.831858121717E-17
  2.616118966413E+02  8.831858121717E-17
  2.748741878063E+02  8.831858121717E-17
  2.888203421021E+02  8.831858121717E-17
  3.034856225744E+02  8.831858121717E-17
  3.189071105897E+02  8.831858121717E-17
  3.351237995957E+02  8.831858121717E-17
  3.521766937171E+02  8.831858121717E-17
  3.701089114347E+02  8.831858121717E-17
  3.889657946114E+02  8.831858121717E-17
  4.087950231396E+02  8.831858121717E-17
  4.296467355004E+02  8.831858121717E-17
  4.515736555398E+02  8.831858121717E-17
  4.746312257811E+02  8.831858121717E-17
  4.988777476127E+02  8.831858121717E-17
  5.243745287036E+02  8.831858121717E-17
  5.511860380208E+02  8.831858121717E-17
  5.793800688399E+02  8.831858121717E-17
  6.090279101614E+02  8.831858121717E-17
  6.402045269662E+02  8.831858121717E-17
  6.729887497651E+02  8.831858121717E-17
  7.074634739232E+02  8.831858121717E-17
  7.437158692619E+02  8.831858121717E-17
  7.818376004689E+02  8.831858121717E-17
  8.219250588739E+02  8.831858121717E-17
  8.640796061752E+02  8.831858121717E-17
  9.084078307342E+02  8.831858121717E-17
  9.550218170857E+02  8.831858121717E-17
  1.004039429345E+03  8.831858121717E-17
  1.055584609229E+03  8.831858121717E-17
  1.109787689444E+03  8.831858121717E-17
  1.166785723237E+03  8.831858121717E-17
  1.226722830931E+03  8.831858121717E-17
  1.289750564339E+03  8.831858121717E-17
  1.356028289967E+03  8.831858121717E-17
  1.425723591968E+03  8.831858121717E-17
  1.499012695886E+03  8.831858121717E-17
  1.576080914245E+03  8.831858121717E-17
  1.657123115109E+03  8.831858121717E-17
  1.742344214817E+03  8.831858121717E-17
  1.831959696108E+03  8.831858121717E-17
  1.926196152978E+03  8.831858121717E-17
  2.025291863623E+03  8.831858121717E-17
  2.129497392933E+03  8.831858121717E-17
  2.239076226042E+03  8.831858121717E-17
  2.354305434561E+03  8.831858121717E-17
  2.475476377151E+03  8.831858121717E-17
  2.602895436233E+03  8.831858121717E-17
  2.736884792677E+03  8.831858121717E-17
  2.877783240441E+03  8.831858121717E-17
  3.025947043218E+03  8.831858121717E-17
  3.181750835252E+03  8.831858121717E-17
  3.345588568607E+03  8.831858121717E-17
  3.517874509278E+03  8.831858121717E-17
  3.699044284673E+03  8.831858121717E-17
  3.889555985097E+03  8.831858121717E-17
  4.089891322046E+03  8.831858121717E-17
  4.300556846216E+03  8.831858121717E-17
  4.522085228326E+03  8.831858121717E-17
  4.755036605984E+03  8.831858121717E-17
  5.000000000000E+03  8.831858121717E-17
