  7.400000000000E-02  0.000000000000E+00
  7.475000000000E-02  0.000000000000E+00
  7.550000000000E-02  0.000000000000E+00
  7.625000000000E-02  0.000000000000E+00
  7.700000000000E-02  0.000000000000E+00
  7.775000000000E-02  0.000000000000E+00
  7.850000000000E-02  0.000000000000E+00
  7.925000000000E-02  0.000000000000E+00
  8.000000000000E-02  0.000000000000E+00
  8.075000000000E-02  0.000000000000E+00
  8.155057911714E-02  0.000000000000E+00
  8.240514834755E-02  0.000000000000E+00
  8.331734872090E-02  0.000000000000E+00
  8.429106681365E-02  0.000000000000E+00
  8.533045130836E-02  0.000000000000E+00
  8.643993066989E-02  0.000000000000E+00
  8.762423201355E-02  0.000000000000E+00
  8.888840124573E-02  0.000000000000E+00
  9.023782456282E-02  5.195167482350E+00
  9.167825139995E-02  5.441173222605E+00
  9.321581892739E-02  5.605003629522E+00
  9.485707819895E-02  5.708483064356E+00
  9.660902206378E-02  5.765183955533E+00
  9.847911496056E-02  0.000000000000E+00
  1.004753247209E-01  0.000000000000E+00
  1.026061565177E-01  5.734178732069E+00
  1.048806891026E-01  5.673740621521E+00
  1.073086134876E-01  5.594051205080E+00
  1.099002742350E-01  5.497648343762E+00
  1.126667135325E-01  5.386684675594E+00
  1.156197182397E-01  5.263029107776E+00
  1.187718701083E-01  5.128338353329E+00
  1.221365993884E-01  4.984108086426E+00
  1.257282420503E-01  4.831709789905E+00
  1.295621008655E-01  4.672417278379E+00
  1.336545106062E-01  4.507425592579E+00
  1.380229076425E-01  4.337864146234E+00
  1.426859042326E-01  4.164805480941E+00
  1.476633678238E-01  3.989270638911E+00
  1.529765057003E-01  3.812231932693E+00
  1.586479553410E-01  3.634613734263E+00
  1.647018808693E-01  3.457291796769E+00
  1.711640760088E-01  3.281091543646E+00
  1.780620739817E-01  3.106785699898E+00
  1.854252648179E-01  2.935091591533E+00
  1.932850205766E-01  2.766668395937E+00
  2.016748290116E-01  2.602114585316E+00
  2.106304362515E-01  2.441965765090E+00
  2.201899991016E-01  2.286693068701E+00
  2.303942476173E-01  2.136702229433E+00
  2.412866586410E-01  1.992333409324E+00
  2.529136410423E-01  1.853861825857E+00
  2.653247334501E-01  1.721499180109E+00
  2.785728153202E-01  1.595395856426E+00
  2.927143322368E-01  1.475643834669E+00
  3.078095364076E-01  1.362280232344E+00
  3.239227433785E-01  1.255291376062E+00
  3.411226060600E-01  1.154617289928E+00
  3.594824072340E-01  1.060156482600E+00
  3.790803717871E-01  9.717709143119E-01
  4.000000000000E-01  1.009520117690E+00
  4.287500000000E-01  8.998273271072E-01
  4.575000000000E-01  8.074095471174E-01
  4.862500000000E-01  7.288034707766E-01
  5.150000000000E-01  6.613700498431E-01
  5.437500000000E-01  6.030736396829E-01
  5.725000000000E-01  5.523230227451E-01
  6.012500000000E-01  5.078598502482E-01
  6.300000000000E-01  4.686783681885E-01
  6.587500000000E-01  4.339668613341E-01
  6.875000000000E-01  4.030643418519E-01
  7.162500000000E-01  3.754281148725E-01
  7.450000000000E-01  3.506092086520E-01
  7.737500000000E-01  3.282335630037E-01
  8.025000000000E-01  3.079874837808E-01
  8.312500000000E-01  2.896062922098E-01
  8.600000000000E-01  2.728653911456E-01
  8.887500000000E-01  2.575731772383E-01
  9.175000000000E-01  2.435653753727E-01
  9.462500000000E-01  2.307004781026E-01
  9.750000000000E-01  2.188560502310E-01
  1.003750000000E+00  2.079257159789E-01
  1.032500000000E+00  1.978166879817E-01
  1.061250000000E+00  1.884477295146E-01
  1.090000000000E+00  1.797474653852E-01
  1.118750000000E+00  1.716529745821E-01
  1.147500000000E+00  1.641086122353E-01
  1.176250000000E+00  1.570650192019E-01
  1.205000000000E+00  1.504782857739E-01
  1.233750000000E+00  1.443092426814E-01
  1.262500000000E+00  1.385228576668E-01
  1.291250000000E+00  1.330877199800E-01
  1.320000000000E+00  1.279755984769E-01
  1.348750000000E+00  1.231610615711E-01
  1.377500000000E+00  1.186211492793E-01
  1.406250000000E+00  1.143350893069E-01
  1.435000000000E+00  1.102840505398E-01
  1.463750000000E+00  1.064509284506E-01
  1.492500000000E+00  1.028201577833E-01
  1.521250000000E+00  9.937754858077E-02
  1.550000000000E+00  9.611014227814E-02
  1.578750000000E+00  9.300608510427E-02
  1.607500000000E+00  9.005451644672E-02
  1.636250000000E+00  8.724547020694E-02
  1.665000000000E+00  8.456978744183E-02
  1.693750000000E+00  8.201903882249E-02
  1.722500000000E+00  7.958545566758E-02
  1.751250000000E+00  7.726186848648E-02
  1.780000000000E+00  7.504165211010E-02
  1.808750000000E+00  7.291867661458E-02
  1.837500000000E+00  7.088726334866E-02
  1.866250000000E+00  6.894214546041E-02
  1.895000000000E+00  6.707843240391E-02
  1.923750000000E+00  6.529157797703E-02
  1.952500000000E+00  6.357735149228E-02
  1.981250000000E+00  6.193181173367E-02
  2.010000000000E+00  6.035128339532E-02
  2.038750000000E+00  5.883233573453E-02
  2.067500000000E+00  5.737176320395E-02
  2.096250000000E+00  5.596656785796E-02
  2.125000000000E+00  5.461394334939E-02
  2.153750000000E+00  5.331126034792E-02
  2.182500000000E+00  5.205605323837E-02
  2.211250000000E+00  5.084600797609E-02
  2.240000000000E+00  4.967895098528E-02
  2.268750000000E+00  4.855283899759E-02
  2.297500000000E+00  4.746574974099E-02
  2.326250000000E+00  4.641587339836E-02
  2.355000000000E+00  4.540150476361E-02
  2.383750000000E+00  4.442103603102E-02
  2.412500000000E+00  4.347295015977E-02
  2.441250000000E+00  4.255581476172E-02
  2.470000000000E+00  4.166827646569E-02
  2.498750000000E+00  4.080905571620E-02
  2.527500000000E+00  3.997694196890E-02
  2.556250000000E+00  3.917078924925E-02
  2.585000000000E+00  3.838951204195E-02
  2.613750000000E+00  3.763208148170E-02
  2.642500000000E+00  3.689752182215E-02
  2.671250000000E+00  3.618490716080E-02
  2.700000000000E+00  3.549335839794E-02
  2.728750000000E+00  3.482204041063E-02
  2.757500000000E+00  3.417015942452E-02
  2.786250000000E+00  3.353696056770E-02
  2.815000000000E+00  3.292172559241E-02
  2.843750000000E+00  3.232377075146E-02
  2.872500000000E+00  3.174244481740E-02
  2.901250000000E+00  3.117712723367E-02
  2.930000000000E+00  3.062722638762E-02
  2.958750000000E+00  3.009217799640E-02
  2.987500000000E+00  2.957144359724E-02
  3.016250000000E+00  2.906450913454E-02
  3.045000000000E+00  2.857088363664E-02
  3.073750000000E+00  2.809009797588E-02
  3.102500000000E+00  2.762170370597E-02
  3.131250000000E+00  2.716527197118E-02
  3.160000000000E+00  2.672039248232E-02
  3.188750000000E+00  2.628667255487E-02
  3.217500000000E+00  2.586373620495E-02
  3.246250000000E+00  2.545122329926E-02
  3.275000000000E+00  2.504878875520E-02
  3.303750000000E+00  2.465610178788E-02
  3.332500000000E+00  2.427284520096E-02
  3.361250000000E+00  2.389871471824E-02
  3.390000000000E+00  2.353341835354E-02
  3.418750000000E+00  2.317667581622E-02
  3.447500000000E+00  2.282821795017E-02
  3.476250000000E+00  2.248778620398E-02
  3.505000000000E+00  2.215513213052E-02
  3.533750000000E+00  2.183001691390E-02
  3.562500000000E+00  2.151221092216E-02
  3.591250000000E+00  2.120149328413E-02
  3.620000000000E+00  2.089765148896E-02
  3.648750000000E+00  2.060048100692E-02
  3.677500000000E+00  2.030978493018E-02
  3.706250000000E+00  2.002537363243E-02
  3.735000000000E+00  1.974706444613E-02
  3.763750000000E+00  1.947468135642E-02
  3.792500000000E+00  1.920805471070E-02
  3.821250000000E+00  1.894702094290E-02
  3.850000000000E+00  1.869142231173E-02
  3.878750000000E+00  1.844110665196E-02
  3.907500000000E+00  1.819592713806E-02
  3.936250000000E+00  1.795574205952E-02
  3.965000000000E+00  1.772041460717E-02
  3.993750000000E+00  1.748981266985E-02
  4.022500000000E+00  1.726380864094E-02
  4.051250000000E+00  1.704227923410E-02
  4.080000000000E+00  1.682510530788E-02
  4.108750000000E+00  1.661217169848E-02
  4.137500000000E+00  1.640336706050E-02
  4.166250000000E+00  1.619858371501E-02
  4.195000000000E+00  1.599771750473E-02
  4.223750000000E+00  1.580066765578E-02
  4.252500000000E+00  1.560733664585E-02
  4.281250000000E+00  1.541763007828E-02
  4.310000000000E+00  1.523145656183E-02
  4.338750000000E+00  1.504872759586E-02
  4.367500000000E+00  1.486935746059E-02
  4.396250000000E+00  1.469326311219E-02
  4.425000000000E+00  1.452036408257E-02
  4.453750000000E+00  1.435058238344E-02
  4.482500000000E+00  1.418384241455E-02
  4.511250000000E+00  1.402007087596E-02
  4.540000000000E+00  1.385919668396E-02
  4.568750000000E+00  1.370115089064E-02
  4.597500000000E+00  1.354586660684E-02
  4.626250000000E+00  1.339327892832E-02
  4.655000000000E+00  1.324332486504E-02
  4.683750000000E+00  1.309594327337E-02
  4.712500000000E+00  1.295107479108E-02
  4.741250000000E+00  1.280866177503E-02
  4.770000000000E+00  1.266864824135E-02
  4.798750000000E+00  1.253097980817E-02
  4.827500000000E+00  1.239560364055E-02
  4.856250000000E+00  1.226246839763E-02
  4.885000000000E+00  1.213152418176E-02
  4.913750000000E+00  1.200272248979E-02
  4.942500000000E+00  1.187601616624E-02
  4.971250000000E+00  1.175135935850E-02
  5.000000000000E+00  1.162870747262E-02
  5.030232478763E+00  1.150184619260E-02
  5.062023879535E+00  1.137072931573E-02
  5.095454587316E+00  1.123531951001E-02
  5.130609132117E+00  1.109558917070E-02
  5.167576402695E+00  1.095152128910E-02
  5.206449871311E+00  1.080311032498E-02
  5.247327830073E+00  1.065036307450E-02
  5.290313639469E+00  1.049329952480E-02
  5.335515989720E+00  1.033195368483E-02
  5.383049175599E+00  1.016637438148E-02
  5.433033385431E+00  9.996626009040E-03
  5.485595004987E+00  9.822789220074E-03
  5.540866937056E+00  9.644961544452E-03
  5.598988937492E+00  9.463257923313E-03
  5.660107968582E+00  9.277811144400E-03
  5.724378570651E+00  9.088772165085E-03
  5.791963252814E+00  8.896310309706E-03
  5.863032903882E+00  8.700613328865E-03
  5.937767224461E+00  8.501887308634E-03
  6.016355181325E+00  8.300356419502E-03
  6.098995485218E+00  8.096262496310E-03
  6.185897093304E+00  7.889864441071E-03
  6.277279737511E+00  7.681437444660E-03
  6.373374480132E+00  7.471272025278E-03
  6.474424298065E+00  7.259672883728E-03
  6.580684697186E+00  7.046957579543E-03
  6.692424358397E+00  6.833455032914E-03
  6.809925816991E+00  6.619503858303E-03
  6.933486177048E+00  6.405450538136E-03
  7.063417862663E+00  6.191647455372E-03
  7.200049407918E+00  5.978450822311E-03
  7.343726287582E+00  5.766218514724E-03
  7.494811790651E+00  5.555307817093E-03
  7.653687938929E+00  5.346073115316E-03
  7.820756452977E+00  5.138863580606E-03
  7.996439767863E+00  4.934020885446E-03
  8.181182101303E+00  4.731876972865E-03
  8.375450576866E+00  4.532751903150E-03
  8.579736405106E+00  4.336951806705E-03
  8.794556125590E+00  4.144766970461E-03
  9.020452912983E+00  3.956470083121E-03
  9.257997950464E+00  3.772314661794E-03
  9.507791873978E+00  3.592533679385E-03
  9.770466290947E+00  3.417338408504E-03
  1.004668537730E+01  3.246917493735E-03
  1.033714755686E+01  3.081436259988E-03
  1.064258726730E+01  2.921036260455E-03
  1.096377681720E+01  2.765835063528E-03
  1.130152833880E+01  2.615926273980E-03
  1.165669584156E+01  2.471379779903E-03
  1.203017737146E+01  2.332242213455E-03
  1.242291728176E+01  2.198537610358E-03
  1.283590862082E+01  2.070268250513E-03
  1.327019564299E+01  1.947415659991E-03
  1.372687644909E+01  1.829941753091E-03
  1.420710576289E+01  1.717790092124E-03
  1.471209785093E+01  1.610887242098E-03
  1.524312959276E+01  1.509144197444E-03
  1.580154370954E+01  1.412457858410E-03
  1.638875215916E+01  1.320712535618E-03
  1.700623970640E+01  1.233781462494E-03
  1.765556767714E+01  1.151528296826E-03
  1.833837790621E+01  1.073808594438E-03
  1.905639688881E+01  1.000471239903E-03
  1.981144014598E+01  9.313598212325E-04
  2.060541681511E+01  8.663139375471E-04
  2.144033447731E+01  8.051704308064E-04
  2.231830423355E+01  7.477645346683E-04
  2.324154604261E+01  6.939309354762E-04
  2.421239433430E+01  6.435047421606E-04
  2.523330391207E+01  5.963223634840E-04
  2.630685616005E+01  5.522222925405E-04
  2.743576557009E+01  5.110457997197E-04
  2.862288660539E+01  4.726375364705E-04
  2.987122091806E+01  4.368460531387E-04
  3.118392493885E+01  4.035242349230E-04
  3.256431785820E+01  3.725296605892E-04
  3.401589001888E+01  3.437248890335E-04
  3.554231174136E+01  3.169776790842E-04
  3.714744260428E+01  2.921611481093E-04
  3.883534120345E+01  2.691538750609E-04
  4.061027541403E+01  2.478399535545E-04
  4.247673318196E+01  2.281090004658E-04
  4.443943387176E+01  2.098561253490E-04
  4.650334019954E+01  1.929818657425E-04
  4.867367078126E+01  1.773920931547E-04
  5.095591332810E+01  1.629978942165E-04
  5.335583852220E+01  1.497154311611E-04
  5.587951460793E+01  1.374657854592E-04
  5.853332273550E+01  1.261747880936E-04
  6.132397309582E+01  1.157728396263E-04
  6.425852188729E+01  1.061947228787E-04
  6.734438915749E+01  9.737941073079E-05
  7.058937756492E+01  8.926987124427E-05
  7.400169210806E+01  8.181287203023E-05
  7.758996087189E+01  7.495878551665E-05
  8.136325684406E+01  6.866139652708E-05
  8.533112085614E+01  6.287771335651E-05
  8.950358570767E+01  5.756778332615E-05
  9.389120153429E+01  5.269451361463E-05
  9.850506248387E+01  4.822349799749E-05
  1.033568347683E+02  4.412284998037E-05
  1.084587861614E+02  4.036304268141E-05
  1.138238170187E+02  3.691675570544E-05
  1.194654928954E+02  3.375872915391E-05
  1.253980788479E+02  3.086562483039E-05
  1.316365755026E+02  2.821589462941E-05
  1.381967569854E+02  2.578965603613E-05
  1.450952108067E+02  2.356857461409E-05
  1.523493798033E+02  2.153575331745E-05
  1.599776062428E+02  1.967562843103E-05
  1.679991782024E+02  1.797387191607E-05
  1.764343783386E+02  1.641729991997E-05
  1.853045351728E+02  1.499378719436E-05
  1.946320770205E+02  1.369218715665E-05
  2.044405887014E+02  1.250225732471E-05
  2.147548711742E+02  1.141458985264E-05
  2.256010042462E+02  1.042054689630E-05
  2.370064125163E+02  9.512200540901E-06
  2.489999347185E+02  8.682277027736E-06
  2.616118966413E+02  7.924105024298E-06
  2.748741878063E+02  7.231567689733E-06
  2.888203421021E+02  6.599058296627E-06
  3.034856225744E+02  6.021439179643E-06
  3.189071105897E+02  5.494003791575E-06
  3.351237995957E+02  5.012441657774E-06
  3.521766937171E+02  4.572806030299E-06
  3.701089114347E+02  4.171484053703E-06
  3.889657946114E+02  3.805169264726E-06
  4.087950231396E+02  3.470836258372E-06
  4.296467355004E+02  3.165717362851E-06
  4.515736555398E+02  2.887281175506E-06
  4.746312257811E+02  2.633212821211E-06
  4.988777476127E+02  2.401395803658E-06
  5.243745287036E+02  2.189895328553E-06
  5.511860380208E+02  1.996942985899E-06
  5.793800688399E+02  1.820922686304E-06
  6.090279101614E+02  1.660357753622E-06
  6.402045269662E+02  1.513899083154E-06
  6.729887497651E+02  1.380314281197E-06
  7.074634739232E+02  1.258477707882E-06
  7.437158692619E+02  1.147361350998E-06
  7.818376004689E+02  1.046026463910E-06
  8.219250588739E+02  9.536159057595E-07
  8.640796061752E+02  8.693471267950E-07
  9.084078307342E+02  7.925057461416E-07
  9.550218170857E+02  7.224396733600E-07
  1.004039429345E+03  6.585537289760E-07
  1.055584609229E+03  6.003047226856E-07
  1.109787689444E+03  5.471969512154E-07
  1.166785723237E+03  4.987780808551E-07
  1.226722830931E+03  4.546353824890E-07
  1.289750564339E+03  4.143922895486E-07
  1.356028289967E+03  3.777052517130E-07
  1.425723591968E+03  3.442608593985E-07
  1.499012695886E+03  3.137732161252E-07
  1.576080914245E+03  2.859815377342E-07
  1.657123115109E+03  2.606479591676E-07
  1.742344214817E+03  2.375555311224E-07
  1.831959696108E+03  2.165063903639E-07
  1.926196152978E+03  1.973200888388E-07
  2.025291863623E+03  1.798320679727E-07
  2.129497392933E+03  1.638922656838E-07
  2.239076226042E+03  1.493638446927E-07
  2.354305434561E+03  1.361220316777E-07
  2.475476377151E+03  1.240530577073E-07
  2.602895436233E+03  1.130531911968E-07
  2.736884792677E+03  1.030278553787E-07
  2.877783240441E+03  9.389082296276E-08
  3.025947043218E+03  8.556348128727E-08
  3.181750835252E+03  7.797416185321E-08
  3.345588568607E+03  7.105752872067E-08
  3.517874509278E+03  6.475402096025E-08
  3.699044284673E+03  5.900934560116E-08
  3.889555985097E+03  5.377402042519E-08
  4.089891322046E+03  4.900297468538E-08
  4.300556846216E+03  4.465523604081E-08
  4.522085228326E+03  4.069383072368E-08
  4.755036605984E+03  3.708589570409E-08
  5.000000000000E+03  3.380479189200E-08
