  7.400000000000E-02  0.000000000000E+00
  7.475000000000E-02  0.000000000000E+00
  7.550000000000E-02  0.000000000000E+00
  7.625000000000E-02  0.000000000000E+00
  7.700000000000E-02  0.000000000000E+00
  7.775000000000E-02  0.000000000000E+00
  7.850000000000E-02  0.000000000000E+00
  7.925000000000E-02  0.000000000000E+00
  8.000000000000E-02  0.000000000000E+00
  8.075000000000E-02  0.000000000000E+00
  8.155057911714E-02  0.000000000000E+00
  8.240514834755E-02  0.000000000000E+00
  8.331734872090E-02  0.000000000000E+00
  8.429106681365E-02  0.000000000000E+00
  8.533045130836E-02  0.000000000000E+00
  8.643993066989E-02  0.000000000000E+00
  8.762423201355E-02  0.000000000000E+00
  8.888840124573E-02  0.000000000000E+00
  9.023782456282E-02  0.000000000000E+00
  9.167825139995E-02  0.000000000000E+00
  9.321581892739E-02  0.000000000000E+00
  9.485707819895E-02  0.000000000000E+00
  9.660902206378E-02  0.000000000000E+00
  9.847911496056E-02  0.000000000000E+00
  1.004753247209E-01  0.000000000000E+00
  1.026061565177E-01  0.000000000000E+00
  1.048806891026E-01  0.000000000000E+00
  1.073086134876E-01  0.000000000000E+00
  1.099002742350E-01  0.000000000000E+00
  1.126667135325E-01  0.000000000000E+00
  1.156197182397E-01  0.000000000000E+00
  1.187718701083E-01  0.000000000000E+00
  1.221365993884E-01  0.000000000000E+00
  1.257282420503E-01  0.000000000000E+00
  1.295621008655E-01  0.000000000000E+00
  1.336545106062E-01  0.000000000000E+00
  1.380229076425E-01  0.000000000000E+00
  1.426859042326E-01  0.000000000000E+00
  1.476633678238E-01  0.000000000000E+00
  1.529765057003E-01  0.000000000000E+00
  1.586479553410E-01  0.000000000000E+00
  1.647018808693E-01  0.000000000000E+00
  1.711640760088E-01  0.000000000000E+00
  1.780620739817E-01  0.000000000000E+00
  1.854252648179E-01  0.000000000000E+00
  1.932850205766E-01  0.000000000000E+00
  2.016748290116E-01  0.000000000000E+00
  2.106304362515E-01  0.000000000000E+00
  2.201899991016E-01  0.000000000000E+00
  2.303942476173E-01  0.000000000000E+00
  2.412866586410E-01  0.000000000000E+00
  2.529136410423E-01  0.000000000000E+00
  2.653247334501E-01  0.000000000000E+00
  2.785728153202E-01  0.000000000000E+00
  2.927143322368E-01  0.000000000000E+00
  3.078095364076E-01  0.000000000000E+00
  3.239227433785E-01  0.000000000000E+00
  3.411226060600E-01  0.000000000000E+00
  3.594824072340E-01  0.000000000000E+00
  3.790803717871E-01  0.000000000000E+00
  4.000000000000E-01  2.056066110974E-01
  4.287500000000E-01  2.057338504833E-01
  4.575000000000E-01  2.058538846495E-01
  4.862500000000E-01  2.059674715752E-01
  5.150000000000E-01  2.060752620175E-01
  5.437500000000E-01  2.061778130273E-01
  5.725000000000E-01  2.062756059969E-01
  6.012500000000E-01  2.063690595601E-01
  6.300000000000E-01  2.064585399743E-01
  6.587500000000E-01  2.065443694308E-01
  6.875000000000E-01  2.066268327943E-01
  7.162500000000E-01  2.067061831096E-01
  7.450000000000E-01  2.067826461347E-01
  7.737500000000E-01  2.068564241002E-01
  8.025000000000E-01  2.069276988460E-01
  8.312500000000E-01  2.069966344548E-01
  8.600000000000E-01  2.070633794770E-01
  8.887500000000E-01  2.071280688189E-01
  9.175000000000E-01  2.071908253548E-01
  9.462500000000E-01  2.072517613084E-01
  9.750000000000E-01  2.073109794427E-01
  1.003750000000E+00  2.073685740892E-01
  1.032500000000E+00  2.074246320413E-01
  1.061250000000E+00  2.074792333334E-01
  1.090000000000E+00  2.075324519214E-01
  1.118750000000E+00  2.075843562811E-01
  1.147500000000E+00  2.076350099345E-01
  1.176250000000E+00  2.076844719143E-01
  1.205000000000E+00  2.077327971760E-01
  1.233750000000E+00  2.077800369638E-01
  1.262500000000E+00  2.078262391360E-01
  1.291250000000E+00  2.078714484564E-01
  1.320000000000E+00  2.079157068546E-01
  1.348750000000E+00  2.079590536595E-01
  1.377500000000E+00  2.080015258099E-01
  1.406250000000E+00  2.080431580434E-01
  1.435000000000E+00  2.080839830680E-01
  1.463750000000E+00  2.081240317166E-01
  1.492500000000E+00  2.081633330872E-01
  1.521250000000E+00  2.082019146708E-01
  1.550000000000E+00  2.082398024675E-01
  1.578750000000E+00  2.082770210915E-01
  1.607500000000E+00  2.083135938687E-01
  1.636250000000E+00  2.083495429243E-01
  1.665000000000E+00  2.083848892639E-01
  1.693750000000E+00  2.084196528481E-01
  1.722500000000E+00  2.084538526600E-01
  1.751250000000E+00  2.084875067686E-01
  1.780000000000E+00  2.085206323860E-01
  1.808750000000E+00  2.085532459212E-01
  1.837500000000E+00  2.085853630290E-01
  1.866250000000E+00  2.086169986557E-01
  1.895000000000E+00  2.086481670811E-01
  1.923750000000E+00  2.086788819579E-01
  1.952500000000E+00  2.087091563476E-01
  1.981250000000E+00  2.087390027540E-01
  2.010000000000E+00  2.087684331553E-01
  2.038750000000E+00  2.087974590323E-01
  2.067500000000E+00  2.088260913960E-01
  2.096250000000E+00  2.088543408129E-01
  2.125000000000E+00  2.088822174286E-01
  2.153750000000E+00  2.089097309899E-01
  2.182500000000E+00  2.089368908656E-01
  2.211250000000E+00  2.089637060659E-01
  2.240000000000E+00  2.089901852608E-01
  2.268750000000E+00  2.090163367968E-01
  2.297500000000E+00  2.090421687125E-01
  2.326250000000E+00  2.090676887545E-01
  2.355000000000E+00  2.090929043907E-01
  2.383750000000E+00  2.091178228241E-01
  2.412500000000E+00  2.091424510050E-01
  2.441250000000E+00  2.091667956427E-01
  2.470000000000E+00  2.091908632164E-01
  2.498750000000E+00  2.092146599858E-01
  2.527500000000E+00  2.092381920007E-01
  2.556250000000E+00  2.092614651103E-01
  2.585000000000E+00  2.092844849720E-01
  2.613750000000E+00  2.093072570599E-01
  2.642500000000E+00  2.093297866720E-01
  2.671250000000E+00  2.093520789386E-01
  2.700000000000E+00  2.093741388283E-01
  2.728750000000E+00  2.093959711557E-01
  2.757500000000E+00  2.094175805867E-01
  2.786250000000E+00  2.094389716455E-01
  2.815000000000E+00  2.094601487196E-01
  2.843750000000E+00  2.094811160655E-01
  2.872500000000E+00  2.095018778140E-01
  2.901250000000E+00  2.095224379747E-01
  2.930000000000E+00  2.095428004413E-01
  2.958750000000E+00  2.095629689954E-01
  2.987500000000E+00  2.095829473111E-01
  3.016250000000E+00  2.096027389591E-01
  3.045000000000E+00  2.096223474101E-01
  3.073750000000E+00  2.096417760391E-01
  3.102500000000E+00  2.096610281286E-01
  3.131250000000E+00  2.096801068717E-01
  3.160000000000E+00  2.096990153759E-01
  3.188750000000E+00  2.097177566655E-01
  3.217500000000E+00  2.097363336850E-01
  3.246250000000E+00  2.097547493017E-01
  3.275000000000E+00  2.097730063083E-01
  3.303750000000E+00  2.097911074258E-01
  3.332500000000E+00  2.098090553055E-01
  3.361250000000E+00  2.098268525317E-01
  3.390000000000E+00  2.098445016235E-01
  3.418750000000E+00  2.098620050377E-01
  3.447500000000E+00  2.098793651701E-01
  3.476250000000E+00  2.098965843580E-01
  3.505000000000E+00  2.099136648818E-01
  3.533750000000E+00  2.099306089670E-01
  3.562500000000E+00  2.099474187858E-01
  3.591250000000E+00  2.099640964590E-01
  3.620000000000E+00  2.099806440573E-01
  3.648750000000E+00  2.099970636033E-01
  3.677500000000E+00  2.100133570726E-01
  3.706250000000E+00  2.100295263954E-01
  3.735000000000E+00  2.100455734577E-01
  3.763750000000E+00  2.100615001030E-01
  3.792500000000E+00  2.100773081334E-01
  3.821250000000E+00  2.100929993105E-01
  3.850000000000E+00  2.101085753573E-01
  3.878750000000E+00  2.101240379586E-01
  3.907500000000E+00  2.101393887626E-01
  3.936250000000E+00  2.101546293817E-01
  3.965000000000E+00  2.101697613937E-01
  3.993750000000E+00  2.101847863427E-01
  4.022500000000E+00  2.101997057401E-01
  4.051250000000E+00  2.102145210653E-01
  4.080000000000E+00  2.102292337670E-01
  4.108750000000E+00  2.102438452636E-01
  4.137500000000E+00  2.102583569446E-01
  4.166250000000E+00  2.102727701705E-01
  4.195000000000E+00  2.102870862748E-01
  4.223750000000E+00  2.103013065634E-01
  4.252500000000E+00  2.103154323165E-01
  4.281250000000E+00  2.103294647885E-01
  4.310000000000E+00  2.103434052092E-01
  4.338750000000E+00  2.103572547839E-01
  4.367500000000E+00  2.103710146945E-01
  4.396250000000E+00  2.103846861001E-01
  4.425000000000E+00  2.103982701373E-01
  4.453750000000E+00  2.104117679207E-01
  4.482500000000E+00  2.104251805442E-01
  4.511250000000E+00  2.104385090805E-01
  4.540000000000E+00  2.104517545823E-01
  4.568750000000E+00  2.104649180827E-01
  4.597500000000E+00  2.104780005956E-01
  4.626250000000E+00  2.104910031161E-01
  4.655000000000E+00  2.105039266212E-01
  4.683750000000E+00  2.105167720698E-01
  4.712500000000E+00  2.105295404036E-01
  4.741250000000E+00  2.105422325475E-01
  4.770000000000E+00  2.105548494096E-01
  4.798750000000E+00  2.105673918819E-01
  4.827500000000E+00  2.105798608406E-01
  4.856250000000E+00  2.105922571466E-01
  4.885000000000E+00  2.106045816456E-01
  4.913750000000E+00  2.106168351687E-01
  4.942500000000E+00  2.106290185325E-01
  4.971250000000E+00  2.106411325398E-01
  5.000000000000E+00  2.106531779795E-01
  5.030232478763E+00  2.106657714246E-01
  5.062023879535E+00  2.106789343547E-01
  5.095454587316E+00  2.106926887756E-01
  5.130609132117E+00  2.107070572027E-01
  5.167576402695E+00  2.107220626423E-01
  5.206449871311E+00  2.107377285682E-01
  5.247327830073E+00  2.107540788960E-01
  5.290313639469E+00  2.107711379529E-01
  5.335515989720E+00  2.107889304441E-01
  5.383049175599E+00  2.108074814156E-01
  5.433033385431E+00  2.108268162122E-01
  5.485595004987E+00  2.108469604323E-01
  5.540866937056E+00  2.108679398781E-01
  5.598988937492E+00  2.108897805020E-01
  5.660107968582E+00  2.109125083490E-01
  5.724378570651E+00  2.109361494950E-01
  5.791963252814E+00  2.109607299812E-01
  5.863032903882E+00  2.109862757454E-01
  5.937767224461E+00  2.110128125493E-01
  6.016355181325E+00  2.110403659027E-01
  6.098995485218E+00  2.110689609857E-01
  6.185897093304E+00  2.110986225670E-01
  6.277279737511E+00  2.111293749218E-01
  6.373374480132E+00  2.111612417470E-01
  6.474424298065E+00  2.111942460756E-01
  6.580684697186E+00  2.112284101913E-01
  6.692424358397E+00  2.112637555425E-01
  6.809925816991E+00  2.113003026574E-01
  6.933486177048E+00  2.113380710606E-01
  7.063417862663E+00  2.113770791916E-01
  7.200049407918E+00  2.114173443265E-01
  7.343726287582E+00  2.114588825026E-01
  7.494811790651E+00  2.115017084481E-01
  7.653687938929E+00  2.115458355154E-01
  7.820756452977E+00  2.115912756213E-01
  7.996439767863E+00  2.116380391920E-01
  8.181182101303E+00  2.116861351152E-01
  8.375450576866E+00  2.117355706999E-01
  8.579736405106E+00  2.117863516423E-01
  8.794556125590E+00  2.118384820010E-01
  9.020452912983E+00  2.118919641790E-01
  9.257997950464E+00  2.119467989155E-01
  9.507791873978E+00  2.120029852842E-01
  9.770466290947E+00  2.120605207018E-01
  1.004668537730E+01  2.121194009432E-01
  1.033714755686E+01  2.121796201663E-01
  1.064258726730E+01  2.122411709430E-01
  1.096377681720E+01  2.123040442995E-01
  1.130152833880E+01  2.123682297620E-01
  1.165669584156E+01  2.124337154101E-01
  1.203017737146E+01  2.125004879360E-01
  1.242291728176E+01  2.125685327088E-01
  1.283590862082E+01  2.126378338445E-01
  1.327019564299E+01  2.127083742790E-01
  1.372687644909E+01  2.127801358457E-01
  1.420710576289E+01  2.128530993558E-01
  1.471209785093E+01  2.129272446798E-01
  1.524312959276E+01  2.130025508317E-01
  1.580154370954E+01  2.130789960537E-01
  1.638875215916E+01  2.131565579004E-01
  1.700623970640E+01  2.132352133235E-01
  1.765556767714E+01  2.133149387554E-01
  1.833837790621E+01  2.133957101905E-01
  1.905639688881E+01  2.134775032662E-01
  1.981144014598E+01  2.135602933395E-01
  2.060541681511E+01  2.136440555628E-01
  2.144033447731E+01  2.137287649554E-01
  2.231830423355E+01  2.138143964720E-01
  2.324154604261E+01  2.139009250679E-01
  2.421239433430E+01  2.139883257602E-01
  2.523330391207E+01  2.140765736855E-01
  2.630685616005E+01  2.141656441531E-01
  2.743576557009E+01  2.142555126947E-01
  2.862288660539E+01  2.143461551103E-01
  2.987122091806E+01  2.144375475091E-01
  3.118392493885E+01  2.145296663482E-01
  3.256431785820E+01  2.146224884657E-01
  3.401589001888E+01  2.147159911114E-01
  3.554231174136E+01  2.148101519733E-01
  3.714744260428E+01  2.149049492006E-01
  3.883534120345E+01  2.150003614239E-01
  4.061027541403E+01  2.150963677721E-01
  4.247673318196E+01  2.151929478857E-01
  4.443943387176E+01  2.152900819281E-01
  4.650334019954E+01  2.153877505945E-01
  4.867367078126E+01  2.154859351173E-01
  5.095591332810E+01  2.155846172702E-01
  5.335583852220E+01  2.156837793698E-01
  5.587951460793E+01  2.157834042759E-01
  5.853332273550E+01  2.158834753890E-01
  6.132397309582E+01  2.159839766474E-01
  6.425852188729E+01  2.160848925219E-01
  6.734438915749E+01  2.161862080103E-01
  7.058937756492E+01  2.162879086297E-01
  7.400169210806E+01  2.163899804085E-01
  7.758996087189E+01  2.164924098776E-01
  8.136325684406E+01  2.165951840600E-01
  8.533112085614E+01  2.166982904613E-01
  8.950358570767E+01  2.168017170580E-01
  9.389120153429E+01  2.169054522863E-01
  9.850506248387E+01  2.170094850307E-01
  1.033568347683E+02  2.171138046117E-01
  1.084587861614E+02  2.172184007738E-01
  1.138238170187E+02  2.173232636730E-01
  1.194654928954E+02  2.174283838644E-01
  1.253980788479E+02  2.175337522902E-01
  1.316365755026E+02  2.176393602666E-01
  1.381967569854E+02  2.177451994721E-01
  1.450952108067E+02  2.178512619350E-01
  1.523493798033E+02  2.179575400214E-01
  1.599776062428E+02  2.180640264232E-01
  1.679991782024E+02  2.181707141465E-01
  1.764343783386E+02  2.182775965001E-01
  1.853045351728E+02  2.183846670841E-01
  1.946320770205E+02  2.184919197791E-01
  2.044405887014E+02  2.185993487351E-01
  2.147548711742E+02  2.187069483616E-01
  2.256010042462E+02  2.188147133168E-01
  2.370064125163E+02  2.189226384980E-01
  2.489999347185E+02  2.190307190319E-01
  2.616118966413E+02  2.191389502652E-01
  2.748741878063E+02  2.192473277556E-01
  2.888203421021E+02  2.193558472633E-01
  3.034856225744E+02  2.194645047420E-01
  3.189071105897E+02  2.195732963313E-01
  3.351237995957E+02  2.196822183483E-01
  3.521766937171E+02  2.197912672803E-01
  3.701089114347E+02  2.199004397776E-01
  3.889657946114E+02  2.200097326460E-01
  4.087950231396E+02  2.201191428403E-01
  4.296467355004E+02  2.202286674579E-01
  4.515736555398E+02  2.203383037321E-01
  4.746312257811E+02  2.204480490265E-01
  4.988777476127E+02  2.205579008288E-01
  5.243745287036E+02  2.206678567455E-01
  5.511860380208E+02  2.207779144968E-01
  5.793800688399E+02  2.208880719108E-01
  6.090279101614E+02  2.209983269192E-01
  6.402045269662E+02  2.211086775524E-01
  6.729887497651E+02  2.212191219349E-01
  7.074634739232E+02  2.213296582813E-01
  7.437158692619E+02  2.214402848916E-01
  7.818376004689E+02  2.215510001480E-01
  8.219250588739E+02  2.216618025105E-01
  8.640796061752E+02  2.217726905138E-01
  9.084078307342E+02  2.218836627631E-01
  9.550218170857E+02  2.219947179319E-01
  1.004039429345E+03  2.221058547578E-01
  1.055584609229E+03  2.222170720400E-01
  1.109787689444E+03  2.223283686365E-01
  1.166785723237E+03  2.224397434612E-01
  1.226722830931E+03  2.225511954810E-01
  1.289750564339E+03  2.226627237140E-01
  1.356028289967E+03  2.227743272263E-01
  1.425723591968E+03  2.228860051304E-01
  1.499012695886E+03  2.229977565827E-01
  1.576080914245E+03  2.231095807812E-01
  1.657123115109E+03  2.232214769642E-01
  1.742344214817E+03  2.233334444078E-01
  1.831959696108E+03  2.234454824244E-01
  1.926196152978E+03  2.235575903607E-01
  2.025291863623E+03  2.236697675966E-01
  2.129497392933E+03  2.237820135432E-01
  2.239076226042E+03  2.238943276414E-01
  2.354305434561E+03  2.240067093608E-01
  2.475476377151E+03  2.241191581978E-01
  2.602895436233E+03  2.242316736750E-01
  2.736884792677E+03  2.243442553396E-01
  2.877783240441E+03  2.244569027625E-01
  3.025947043218E+03  2.245696155377E-01
  3.181750835252E+03  2.246823932810E-01
  3.345588568607E+03  2.247952356276E-01
  3.517874509278E+03  2.249081422219E-01
  3.699044284673E+03  2.250211126693E-01
  3.889555985097E+03  2.251341463470E-01
  4.089891322046E+03  2.252472416856E-01
  4.300556846216E+03  2.253603937279E-01
  4.522085228326E+03  2.254735850182E-01
  4.755036605984E+03  2.255867656577E-01
  5.000000000000E+03  2.256997521890E-01
