  7.400000000000E-02  0.000000000000E+00
  7.475000000000E-02  0.000000000000E+00
  7.550000000000E-02  0.000000000000E+00
  7.625000000000E-02  0.000000000000E+00
  7.700000000000E-02  0.000000000000E+00
  7.775000000000E-02  0.000000000000E+00
  7.850000000000E-02  0.000000000000E+00
  7.925000000000E-02  0.000000000000E+00
  8.000000000000E-02  0.000000000000E+00
  8.075000000000E-02  0.000000000000E+00
  8.155057911714E-02  0.000000000000E+00
  8.240514834755E-02  0.000000000000E+00
  8.331734872090E-02  0.000000000000E+00
  8.429106681365E-02  0.000000000000E+00
  8.533045130836E-02  0.000000000000E+00
  8.643993066989E-02  0.000000000000E+00
  8.762423201355E-02  0.000000000000E+00
  8.888840124573E-02  0.000000000000E+00
  9.023782456282E-02  0.000000000000E+00
  9.167825139995E-02  0.000000000000E+00
  9.321581892739E-02  0.000000000000E+00
  9.485707819895E-02  0.000000000000E+00
  9.660902206378E-02  0.000000000000E+00
  9.847911496056E-02  0.000000000000E+00
  1.004753247209E-01  0.000000000000E+00
  1.026061565177E-01  0.000000000000E+00
  1.048806891026E-01  0.000000000000E+00
  1.073086134876E-01  0.000000000000E+00
  1.099002742350E-01  0.000000000000E+00
  1.126667135325E-01  0.000000000000E+00
  1.156197182397E-01  0.000000000000E+00
  1.187718701083E-01  0.000000000000E+00
  1.221365993884E-01  0.000000000000E+00
  1.257282420503E-01  0.000000000000E+00
  1.295621008655E-01  0.000000000000E+00
  1.336545106062E-01  0.000000000000E+00
  1.380229076425E-01  0.000000000000E+00
  1.426859042326E-01  0.000000000000E+00
  1.476633678238E-01  0.000000000000E+00
  1.529765057003E-01  0.000000000000E+00
  1.586479553410E-01  4.638219259774E+00
  1.647018808693E-01  4.392448232613E+00
  1.711640760088E-01  4.150726083355E+00
  1.780620739817E-01  3.913738122823E+00
  1.854252648179E-01  3.682141155926E+00
  1.932850205766E-01  3.456554104169E+00
  2.016748290116E-01  3.237549481613E+00
  2.106304362515E-01  3.025645898630E+00
  2.201899991016E-01  2.821301751115E+00
  2.303942476173E-01  2.624910223892E+00
  2.412866586410E-01  2.436795698925E+00
  2.529136410423E-01  2.257211614686E+00
  2.653247334501E-01  2.086339775881E+00
  2.785728153202E-01  1.924291065906E+00
  2.927143322368E-01  1.771107470623E+00
  3.078095364076E-01  1.626765284037E+00
  3.239227433785E-01  1.491179335826E+00
  3.411226060600E-01  1.364208058862E+00
  3.594824072340E-01  1.245659202257E+00
  3.790803717871E-01  1.135295991988E+00
  4.000000000000E-01  1.032993693789E+00
  4.287500000000E-01  9.133357542876E-01
  4.575000000000E-01  8.132447230802E-01
  4.862500000000E-01  7.286964839497E-01
  5.150000000000E-01  6.566429634823E-01
  5.437500000000E-01  5.947463323553E-01
  5.725000000000E-01  5.411891921596E-01
  6.012500000000E-01  4.945419630483E-01
  6.300000000000E-01  4.536679191713E-01
  6.587500000000E-01  4.176542313159E-01
  6.875000000000E-01  3.857611879004E-01
  7.162500000000E-01  3.573843308446E-01
  7.450000000000E-01  3.320258917885E-01
  7.737500000000E-01  3.092730119426E-01
  8.025000000000E-01  2.887809683493E-01
  8.312500000000E-01  2.702601354710E-01
  8.600000000000E-01  2.534657625754E-01
  8.887500000000E-01  2.381898938867E-01
  9.175000000000E-01  2.242549337692E-01
  9.462500000000E-01  2.115084857981E-01
  9.750000000000E-01  1.998191857658E-01
  1.003750000000E+00  1.890733159444E-01
  1.032500000000E+00  1.791720378487E-01
  1.061250000000E+00  1.700291178107E-01
  1.090000000000E+00  1.615690476570E-01
  1.118750000000E+00  1.537254840357E-01
  1.147500000000E+00  1.464399461724E-01
  1.176250000000E+00  1.396607243255E-01
  1.205000000000E+00  1.333419608994E-01
  1.233750000000E+00  1.274428737108E-01
  1.262500000000E+00  1.219270968414E-01
  1.291250000000E+00  1.167621191814E-01
  1.320000000000E+00  1.119188044746E-01
  1.348750000000E+00  1.073709796251E-01
  1.377500000000E+00  1.030950803976E-01
  1.406250000000E+00  9.906984555324E-02
  1.435000000000E+00  9.527605199971E-02
  1.463750000000E+00  9.169628479471E-02
  1.492500000000E+00  8.831473685828E-02
  1.521250000000E+00  8.511703409073E-02
  1.550000000000E+00  8.209008228120E-02
  1.578750000000E+00  7.922193275786E-02
  1.607500000000E+00  7.650166420246E-02
  1.636250000000E+00  7.391927844679E-02
  1.665000000000E+00  7.146560839324E-02
  1.693750000000E+00  6.913223647341E-02
  1.722500000000E+00  6.691142228892E-02
  1.751250000000E+00  6.479603827164E-02
  1.780000000000E+00  6.277951236365E-02
  1.808750000000E+00  6.085577685567E-02
  1.837500000000E+00  5.901922263865E-02
  1.866250000000E+00  5.726465822333E-02
  1.895000000000E+00  5.558727297064E-02
  1.923750000000E+00  5.398260404519E-02
  1.952500000000E+00  5.244650666501E-02
  1.981250000000E+00  5.097512727967E-02
  2.010000000000E+00  4.956487935117E-02
  2.038750000000E+00  4.821242145262E-02
  2.067500000000E+00  4.691463743520E-02
  2.096250000000E+00  4.566861844227E-02
  2.125000000000E+00  4.447164657581E-02
  2.153750000000E+00  4.332118004285E-02
  2.182500000000E+00  4.221483963097E-02
  2.211250000000E+00  4.115039638005E-02
  2.240000000000E+00  4.012576033336E-02
  2.268750000000E+00  3.913897026466E-02
  2.297500000000E+00  3.818818427975E-02
  2.326250000000E+00  3.727167120164E-02
  2.355000000000E+00  3.638780267238E-02
  2.383750000000E+00  3.553504591095E-02
  2.412500000000E+00  3.471195706021E-02
  2.441250000000E+00  3.391717506807E-02
  2.470000000000E+00  3.314941605427E-02
  2.498750000000E+00  3.240746811910E-02
  2.527500000000E+00  3.169018655484E-02
  2.556250000000E+00  3.099648942484E-02
  2.585000000000E+00  3.032535347802E-02
  2.613750000000E+00  2.967581037034E-02
  2.642500000000E+00  2.904694316693E-02
  2.671250000000E+00  2.843788310149E-02
  2.700000000000E+00  2.784780657144E-02
  2.728750000000E+00  2.727593234949E-02
  2.757500000000E+00  2.672151899399E-02
  2.786250000000E+00  2.618386244205E-02
  2.815000000000E+00  2.566229377077E-02
  2.843750000000E+00  2.515617711339E-02
  2.872500000000E+00  2.466490771816E-02
  2.901250000000E+00  2.418791013892E-02
  2.930000000000E+00  2.372463654722E-02
  2.958750000000E+00  2.327456515678E-02
  2.987500000000E+00  2.283719875186E-02
  3.016250000000E+00  2.241206331167E-02
  3.045000000000E+00  2.199870672386E-02
  3.073750000000E+00  2.159669758043E-02
  3.102500000000E+00  2.120562405021E-02
  3.131250000000E+00  2.082509282228E-02
  3.160000000000E+00  2.045472811535E-02
  3.188750000000E+00  2.009417074839E-02
  3.217500000000E+00  1.974307726829E-02
  3.246250000000E+00  1.940111913044E-02
  3.275000000000E+00  1.906798192881E-02
  3.303750000000E+00  1.874336467194E-02
  3.332500000000E+00  1.842697910184E-02
  3.361250000000E+00  1.811854905289E-02
  3.390000000000E+00  1.781780984813E-02
  3.418750000000E+00  1.752450773034E-02
  3.447500000000E+00  1.723839932580E-02
  3.476250000000E+00  1.695925113852E-02
  3.505000000000E+00  1.668683907288E-02
  3.533750000000E+00  1.642094798313E-02
  3.562500000000E+00  1.616137124773E-02
  3.591250000000E+00  1.590791036723E-02
  3.620000000000E+00  1.566037458407E-02
  3.648750000000E+00  1.541858052294E-02
  3.677500000000E+00  1.518235185059E-02
  3.706250000000E+00  1.495151895367E-02
  3.735000000000E+00  1.472591863374E-02
  3.763750000000E+00  1.450539381823E-02
  3.792500000000E+00  1.428979328654E-02
  3.821250000000E+00  1.407897141027E-02
  3.850000000000E+00  1.387278790687E-02
  3.878750000000E+00  1.367110760579E-02
  3.907500000000E+00  1.347380022653E-02
  3.936250000000E+00  1.328074016783E-02
  3.965000000000E+00  1.309180630741E-02
  3.993750000000E+00  1.290688181159E-02
  4.022500000000E+00  1.272585395436E-02
  4.051250000000E+00  1.254861394521E-02
  4.080000000000E+00  1.237505676540E-02
  4.108750000000E+00  1.220508101207E-02
  4.137500000000E+00  1.203858874982E-02
  4.166250000000E+00  1.187548536940E-02
  4.195000000000E+00  1.171567945301E-02
  4.223750000000E+00  1.155908264595E-02
  4.252500000000E+00  1.140560953427E-02
  4.281250000000E+00  1.125517752805E-02
  4.310000000000E+00  1.110770675007E-02
  4.338750000000E+00  1.096311992959E-02
  4.367500000000E+00  1.082134230087E-02
  4.396250000000E+00  1.068230150639E-02
  4.425000000000E+00  1.054592750431E-02
  4.453750000000E+00  1.041215248006E-02
  4.482500000000E+00  1.028091076192E-02
  4.511250000000E+00  1.015213874024E-02
  4.540000000000E+00  1.002577479017E-02
  4.568750000000E+00  9.901759197854E-03
  4.597500000000E+00  9.780034089672E-03
  4.626250000000E+00  9.660543364639E-03
  4.655000000000E+00  9.543232629602E-03
  4.683750000000E+00  9.428049137232E-03
  4.712500000000E+00  9.314941726597E-03
  4.741250000000E+00  9.203860766248E-03
  4.770000000000E+00  9.094758099654E-03
  4.798750000000E+00  8.987586992908E-03
  4.827500000000E+00  8.882302084578E-03
  4.856250000000E+00  8.778859337607E-03
  4.885000000000E+00  8.677215993176E-03
  4.913750000000E+00  8.577330526426E-03
  4.942500000000E+00  8.479162603938E-03
  4.971250000000E+00  8.382673043096E-03
  5.000000000000E+00  8.287823772151E-03
  5.030232478763E+00  8.189812410096E-03
  5.062023879535E+00  8.088613711182E-03
  5.095454587316E+00  7.984209943604E-03
  5.130609132117E+00  7.876591550700E-03
  5.167576402695E+00  7.765757815067E-03
  5.206449871311E+00  7.651717518213E-03
  5.247327830073E+00  7.534489588742E-03
  5.290313639469E+00  7.414103731120E-03
  5.335515989720E+00  7.290601026459E-03
  5.383049175599E+00  7.164034496087E-03
  5.433033385431E+00  7.034469618173E-03
  5.485595004987E+00  6.901984787218E-03
  5.540866937056E+00  6.766671705951E-03
  5.598988937492E+00  6.628635698999E-03
  5.660107968582E+00  6.487995937778E-03
  5.724378570651E+00  6.344885566270E-03
  5.791963252814E+00  6.199451717847E-03
  5.863032903882E+00  6.051855414020E-03
  5.937767224461E+00  5.902271336970E-03
  6.016355181325E+00  5.750887468964E-03
  6.098995485218E+00  5.597904593266E-03
  6.185897093304E+00  5.443535652926E-03
  6.277279737511E+00  5.288004965812E-03
  6.373374480132E+00  5.131547296511E-03
  6.474424298065E+00  4.974406788068E-03
  6.580684697186E+00  4.816835759089E-03
  6.692424358397E+00  4.659093374351E-03
  6.809925816991E+00  4.501444199635E-03
  6.933486177048E+00  4.344156654113E-03
  7.063417862663E+00  4.187501376052E-03
  7.200049407918E+00  4.031749519823E-03
  7.343726287582E+00  3.877171004216E-03
  7.494811790651E+00  3.724032733669E-03
  7.653687938929E+00  3.572596815274E-03
  7.820756452977E+00  3.423118795199E-03
  7.996439767863E+00  3.275845938441E-03
  8.181182101303E+00  3.131015575611E-03
  8.375450576866E+00  2.988853539650E-03
  8.579736405106E+00  2.849572714135E-03
  8.794556125590E+00  2.713371712990E-03
  9.020452912983E+00  2.580433709203E-03
  9.257997950464E+00  2.450925427498E-03
  9.507791873978E+00  2.324996312924E-03
  9.770466290947E+00  2.202777884107E-03
  1.004668537730E+01  2.084383276538E-03
  1.033714755686E+01  1.969906977810E-03
  1.064258726730E+01  1.859424753335E-03
  1.096377681720E+01  1.752993757750E-03
  1.130152833880E+01  1.650652824191E-03
  1.165669584156E+01  1.552422920780E-03
  1.203017737146E+01  1.458307761248E-03
  1.242291728176E+01  1.368294554566E-03
  1.283590862082E+01  1.282354876839E-03
  1.327019564299E+01  1.200445647549E-03
  1.372687644909E+01  1.122510191510E-03
  1.420710576289E+01  1.048479367647E-03
  1.471209785093E+01  9.782727458147E-04
  1.524312959276E+01  9.117998134395E-04
  1.580154370954E+01  8.489611945842E-04
  1.638875215916E+01  7.896498652211E-04
  1.700623970640E+01  7.337523498549E-04
  1.765556767714E+01  6.811498862049E-04
  1.833837790621E+01  6.317195463369E-04
  1.905639688881E+01  5.853353043753E-04
  1.981144014598E+01  5.418690427023E-04
  2.060541681511E+01  5.011914902842E-04
  2.144033447731E+01  4.631730884488E-04
  2.231830423355E+01  4.276847810191E-04
  2.324154604261E+01  3.945987271698E-04
  2.421239433430E+01  3.637889367005E-04
  2.523330391207E+01  3.351318285881E-04
  2.630685616005E+01  3.085067146980E-04
  2.743576557009E+01  2.837962113887E-04
  2.862288660539E+01  2.608865824412E-04
  2.987122091806E+01  2.396680172950E-04
  3.118392493885E+01  2.200348489777E-04
  3.256431785820E+01  2.018857163959E-04
  3.401589001888E+01  1.851236758140E-04
  3.554231174136E+01  1.696562664086E-04
  3.714744260428E+01  1.553955347550E-04
  3.883534120345E+01  1.422580229989E-04
  4.061027541403E+01  1.301647252994E-04
  4.247673318196E+01  1.190410169174E-04
  4.443943387176E+01  1.088165600677E-04
  4.650334019954E+01  9.942519038166E-05
  4.867367078126E+01  9.080478752555E-05
  5.095591332810E+01  8.289713322084E-05
  5.335583852220E+01  7.564775960428E-05
  5.587951460793E+01  6.900579056384E-05
  5.853332273550E+01  6.292377839293E-05
  6.132397309582E+01  5.735753782313E-05
  6.425852188729E+01  5.226597922895E-05
  6.734438915749E+01  4.761094254801E-05
  7.058937756492E+01  4.335703322789E-05
  7.400169210806E+01  3.947146129819E-05
  7.758996087189E+01  3.592388447203E-05
  8.136325684406E+01  3.268625600645E-05
  8.533112085614E+01  2.973267789462E-05
  8.950358570767E+01  2.703925982359E-05
  9.389120153429E+01  2.458398420975E-05
  9.850506248387E+01  2.234657751713E-05
  1.033568347683E+02  2.030838797241E-05
  1.084587861614E+02  1.845226971187E-05
  1.138238170187E+02  1.676247332911E-05
  1.194654928954E+02  1.522454273759E-05
  1.253980788479E+02  1.382521821637E-05
  1.316365755026E+02  1.255234547121E-05
  1.381967569854E+02  1.139479051412E-05
  1.450952108067E+02  1.034236014293E-05
  1.523493798033E+02  9.385727785995E-06
  1.599776062428E+02  8.516364466577E-06
  1.679991782024E+02  7.726474634546E-06
  1.764343783386E+02  7.008936610379E-06
  1.853045351728E+02  6.357247386469E-06
  1.946320770205E+02  5.765471533504E-06
  2.044405887014E+02  5.228193964473E-06
  2.147548711742E+02  4.740476315292E-06
  2.256010042462E+02  4.297816708779E-06
  2.370064125163E+02  3.896112677422E-06
  2.489999347185E+02  3.531627029852E-06
  2.616118966413E+02  3.200956455817E-06
  2.748741878063E+02  2.901002674704E-06
  2.888203421021E+02  2.628945942975E-06
  3.034856225744E+02  2.382220746265E-06
  3.189071105897E+02  2.158493512081E-06
  3.351237995957E+02  1.955642189115E-06
  3.521766937171E+02  1.771737548910E-06
  3.701089114347E+02  1.605026075090E-06
  3.889657946114E+02  1.453914314419E-06
  4.087950231396E+02  1.316954572628E-06
  4.296467355004E+02  1.192831846257E-06
  4.515736555398E+02  1.080351889546E-06
  4.746312257811E+02  9.784303228830E-07
  4.988777476127E+02  8.860826962778E-07
  5.243745287036E+02  8.024154279059E-07
  5.511860380208E+02  7.266175439417E-07
  5.793800688399E+02  6.579531516514E-07
  6.090279101614E+02  5.957545830983E-07
  6.402045269662E+02  5.394161518246E-07
  6.729887497651E+02  4.883884695314E-07
  7.074634739232E+02  4.421732741004E-07
  7.437158692619E+02  4.003187243115E-07
  7.818376004689E+02  3.624151203157E-07
  8.219250588739E+02  3.280910123519E-07
  8.640796061752E+02  2.970096633592E-07
  9.084078307342E+02  2.688658340525E-07
  9.550218170857E+02  2.433828617171E-07
  1.004039429345E+03  2.203100064480E-07
  1.055584609229E+03  1.994200408325E-07
  1.109787689444E+03  1.805070611605E-07
  1.166785723237E+03  1.633845001624E-07
  1.226722830931E+03  1.478833230291E-07
  1.289750564339E+03  1.338503900777E-07
  1.356028289967E+03  1.211469708993E-07
  1.425723591968E+03  1.096473961721E-07
  1.499012695886E+03  9.923783455736E-08
  1.576080914245E+03  8.981518321956E-08
  1.657123115109E+03  8.128606154278E-08
  1.742344214817E+03  7.356589855455E-08
  1.831959696108E+03  6.657810542480E-08
  1.926196152978E+03  6.025332519042E-08
  2.025291863623E+03  5.452875256819E-08
  2.129497392933E+03  4.934751736926E-08
  2.239076226042E+03  4.465812561983E-08
  2.354305434561E+03  4.041395303207E-08
  2.475476377151E+03  3.657278596016E-08
  2.602895436233E+03  3.309640542288E-08
  2.736884792677E+03  2.995021018061E-08
  2.877783240441E+03  2.710287522417E-08
  3.025947043218E+03  2.452604236992E-08
  3.181750835252E+03  2.219403996556E-08
  3.345588568607E+03  2.008362900753E-08
  3.517874509278E+03  1.817377329206E-08
  3.699044284673E+03  1.644543168859E-08
  3.889555985097E+03  1.488137155883E-08
  4.089891322046E+03  1.346600494605E-08
  4.300556846216E+03  1.218525496766E-08
  4.522085228326E+03  1.102648816830E-08
  4.755036605984E+03  9.978509424231E-09
  5.000000000000E+03  9.032130632747E-09
