  7.400000000000E-02  0.000000000000E+00
  7.475000000000E-02  0.000000000000E+00
  7.550000000000E-02  0.000000000000E+00
  7.625000000000E-02  0.000000000000E+00
  7.700000000000E-02  0.000000000000E+00
  7.775000000000E-02  0.000000000000E+00
  7.850000000000E-02  0.000000000000E+00
  7.925000000000E-02  0.000000000000E+00
  8.000000000000E-02  0.000000000000E+00
  8.075000000000E-02  0.000000000000E+00
  8.155057911714E-02  0.000000000000E+00
  8.240514834755E-02  0.000000000000E+00
  8.331734872090E-02  0.000000000000E+00
  8.429106681365E-02  0.000000000000E+00
  8.533045130836E-02  0.000000000000E+00
  8.643993066989E-02  0.000000000000E+00
  8.762423201355E-02  0.000000000000E+00
  8.888840124573E-02  0.000000000000E+00
  9.023782456282E-02  0.000000000000E+00
  9.167825139995E-02  0.000000000000E+00
  9.321581892739E-02  0.000000000000E+00
  9.485707819895E-02  0.000000000000E+00
  9.660902206378E-02  0.000000000000E+00
  9.847911496056E-02  0.000000000000E+00
  1.004753247209E-01  0.000000000000E+00
  1.026061565177E-01  0.000000000000E+00
  1.048806891026E-01  0.000000000000E+00
  1.073086134876E-01  0.000000000000E+00
  1.099002742350E-01  0.000000000000E+00
  1.126667135325E-01  0.000000000000E+00
  1.156197182397E-01  0.000000000000E+00
  1.187718701083E-01  0.000000000000E+00
  1.221365993884E-01  0.000000000000E+00
  1.257282420503E-01  0.000000000000E+00
  1.295621008655E-01  0.000000000000E+00
  1.336545106062E-01  0.000000000000E+00
  1.380229076425E-01  0.000000000000E+00
  1.426859042326E-01  0.000000000000E+00
  1.476633678238E-01  0.000000000000E+00
  1.529765057003E-01  0.000000000000E+00
  1.586479553410E-01  0.000000000000E+00
  1.647018808693E-01  0.000000000000E+00
  1.711640760088E-01  0.000000000000E+00
  1.780620739817E-01  0.000000000000E+00
  1.854252648179E-01  0.000000000000E+00
  1.932850205766E-01  0.000000000000E+00
  2.016748290116E-01  0.000000000000E+00
  2.106304362515E-01  0.000000000000E+00
  2.201899991016E-01  0.000000000000E+00
  2.303942476173E-01  0.000000000000E+00
  2.412866586410E-01  0.000000000000E+00
  2.529136410423E-01  0.000000000000E+00
  2.653247334501E-01  0.000000000000E+00
  2.785728153202E-01  0.000000000000E+00
  2.927143322368E-01  0.000000000000E+00
  3.078095364076E-01  0.000000000000E+00
  3.239227433785E-01  0.000000000000E+00
  3.411226060600E-01  0.000000000000E+00
  3.594824072340E-01  0.000000000000E+00
  3.790803717871E-01  0.000000000000E+00
  4.000000000000E-01  2.234026580420E-01
  4.287500000000E-01  2.235409696746E-01
  4.575000000000E-01  2.236713966055E-01
  4.862500000000E-01  2.237947716815E-01
  5.150000000000E-01  2.239118086870E-01
  5.437500000000E-01  2.240231181155E-01
  5.725000000000E-01  2.241292272126E-01
  6.012500000000E-01  2.242305942714E-01
  6.300000000000E-01  2.243276201181E-01
  6.587500000000E-01  2.244206572896E-01
  6.875000000000E-01  2.245100174549E-01
  7.162500000000E-01  2.245959774628E-01
  7.450000000000E-01  2.246787843109E-01
  7.737500000000E-01  2.247586592605E-01
  8.025000000000E-01  2.248358012680E-01
  8.312500000000E-01  2.249103898670E-01
  8.600000000000E-01  2.249825876011E-01
  8.887500000000E-01  2.250525420905E-01
  9.175000000000E-01  2.251203877946E-01
  9.462500000000E-01  2.251862475238E-01
  9.750000000000E-01  2.252502337402E-01
  1.003750000000E+00  2.253124496845E-01
  1.032500000000E+00  2.253729903517E-01
  1.061250000000E+00  2.254319433428E-01
  1.090000000000E+00  2.254893896101E-01
  1.118750000000E+00  2.255454041098E-01
  1.147500000000E+00  2.256000563770E-01
  1.176250000000E+00  2.256534110349E-01
  1.205000000000E+00  2.257055282448E-01
  1.233750000000E+00  2.257564641048E-01
  1.262500000000E+00  2.258062710068E-01
  1.291250000000E+00  2.258549979544E-01
  1.320000000000E+00  2.259026908484E-01
  1.348750000000E+00  2.259493927413E-01
  1.377500000000E+00  2.259951440678E-01
  1.406250000000E+00  2.260399828514E-01
  1.435000000000E+00  2.260839448921E-01
  1.463750000000E+00  2.261270639350E-01
  1.492500000000E+00  2.261693718248E-01
  1.521250000000E+00  2.262108986451E-01
  1.550000000000E+00  2.262516728456E-01
  1.578750000000E+00  2.262917213576E-01
  1.607500000000E+00  2.263310696993E-01
  1.636250000000E+00  2.263697420724E-01
  1.665000000000E+00  2.264077614518E-01
  1.693750000000E+00  2.264451496661E-01
  1.722500000000E+00  2.264819274728E-01
  1.751250000000E+00  2.265181146267E-01
  1.780000000000E+00  2.265537299433E-01
  1.808750000000E+00  2.265887913570E-01
  1.837500000000E+00  2.266233159747E-01
  1.866250000000E+00  2.266573201263E-01
  1.895000000000E+00  2.266908194102E-01
  1.923750000000E+00  2.267238287372E-01
  1.952500000000E+00  2.267563623692E-01
  1.981250000000E+00  2.267884339568E-01
  2.010000000000E+00  2.268200565733E-01
  2.038750000000E+00  2.268512427465E-01
  2.067500000000E+00  2.268820044890E-01
  2.096250000000E+00  2.269123533256E-01
  2.125000000000E+00  2.269423003190E-01
  2.153750000000E+00  2.269718560944E-01
  2.182500000000E+00  2.270010308622E-01
  2.211250000000E+00  2.270298344390E-01
  2.240000000000E+00  2.270582762677E-01
  2.268750000000E+00  2.270863654359E-01
  2.297500000000E+00  2.271141106939E-01
  2.326250000000E+00  2.271415204705E-01
  2.355000000000E+00  2.271686028889E-01
  2.383750000000E+00  2.271953657812E-01
  2.412500000000E+00  2.272218167018E-01
  2.441250000000E+00  2.272479629406E-01
  2.470000000000E+00  2.272738115352E-01
  2.498750000000E+00  2.272993692818E-01
  2.527500000000E+00  2.273246427469E-01
  2.556250000000E+00  2.273496382768E-01
  2.585000000000E+00  2.273743620075E-01
  2.613750000000E+00  2.273988198742E-01
  2.642500000000E+00  2.274230176193E-01
  2.671250000000E+00  2.274469608011E-01
  2.700000000000E+00  2.274706548015E-01
  2.728750000000E+00  2.274941048330E-01
  2.757500000000E+00  2.275173159461E-01
  2.786250000000E+00  2.275402930359E-01
  2.815000000000E+00  2.275630408480E-01
  2.843750000000E+00  2.275855639849E-01
  2.872500000000E+00  2.276078669113E-01
  2.901250000000E+00  2.276299539600E-01
  2.930000000000E+00  2.276518293367E-01
  2.958750000000E+00  2.276734971247E-01
  2.987500000000E+00  2.276949612902E-01
  3.016250000000E+00  2.277162256860E-01
  3.045000000000E+00  2.277372940566E-01
  3.073750000000E+00  2.277581700412E-01
  3.102500000000E+00  2.277788571785E-01
  3.131250000000E+00  2.277993589097E-01
  3.160000000000E+00  2.278196785826E-01
  3.188750000000E+00  2.278398194543E-01
  3.217500000000E+00  2.278597846952E-01
  3.246250000000E+00  2.278795773913E-01
  3.275000000000E+00  2.278992005475E-01
  3.303750000000E+00  2.279186570905E-01
  3.332500000000E+00  2.279379498713E-01
  3.361250000000E+00  2.279570816679E-01
  3.390000000000E+00  2.279760551877E-01
  3.418750000000E+00  2.279948730699E-01
  3.447500000000E+00  2.280135378875E-01
  3.476250000000E+00  2.280320521501E-01
  3.505000000000E+00  2.280504183054E-01
  3.533750000000E+00  2.280686387413E-01
  3.562500000000E+00  2.280867157881E-01
  3.591250000000E+00  2.281046517201E-01
  3.620000000000E+00  2.281224487575E-01
  3.648750000000E+00  2.281401090679E-01
  3.677500000000E+00  2.281576347683E-01
  3.706250000000E+00  2.281750279262E-01
  3.735000000000E+00  2.281922905615E-01
  3.763750000000E+00  2.282094246478E-01
  3.792500000000E+00  2.282264321139E-01
  3.821250000000E+00  2.282433148449E-01
  3.850000000000E+00  2.282600746839E-01
  3.878750000000E+00  2.282767134327E-01
  3.907500000000E+00  2.282932328537E-01
  3.936250000000E+00  2.283096346705E-01
  3.965000000000E+00  2.283259205691E-01
  3.993750000000E+00  2.283420921993E-01
  4.022500000000E+00  2.283581511754E-01
  4.051250000000E+00  2.283740990775E-01
  4.080000000000E+00  2.283899374520E-01
  4.108750000000E+00  2.284056678131E-01
  4.137500000000E+00  2.284212916433E-01
  4.166250000000E+00  2.284368103947E-01
  4.195000000000E+00  2.284522254891E-01
  4.223750000000E+00  2.284675383195E-01
  4.252500000000E+00  2.284827502508E-01
  4.281250000000E+00  2.284978626202E-01
  4.310000000000E+00  2.285128767382E-01
  4.338750000000E+00  2.285277938893E-01
  4.367500000000E+00  2.285426153326E-01
  4.396250000000E+00  2.285573423025E-01
  4.425000000000E+00  2.285719760094E-01
  4.453750000000E+00  2.285865176404E-01
  4.482500000000E+00  2.286009683595E-01
  4.511250000000E+00  2.286153293087E-01
  4.540000000000E+00  2.286296016082E-01
  4.568750000000E+00  2.286437863571E-01
  4.597500000000E+00  2.286578846340E-01
  4.626250000000E+00  2.286718974972E-01
  4.655000000000E+00  2.286858259857E-01
  4.683750000000E+00  2.286996711191E-01
  4.712500000000E+00  2.287134338987E-01
  4.741250000000E+00  2.287271153073E-01
  4.770000000000E+00  2.287407163102E-01
  4.798750000000E+00  2.287542378552E-01
  4.827500000000E+00  2.287676808735E-01
  4.856250000000E+00  2.287810462793E-01
  4.885000000000E+00  2.287943349713E-01
  4.913750000000E+00  2.288075478318E-01
  4.942500000000E+00  2.288206857284E-01
  4.971250000000E+00  2.288337495132E-01
  5.000000000000E+00  2.288467400240E-01
  5.030232478763E+00  2.288603222479E-01
  5.062023879535E+00  2.288745194457E-01
  5.095454587316E+00  2.288893554540E-01
  5.130609132117E+00  2.289048546690E-01
  5.167576402695E+00  2.289210420254E-01
  5.206449871311E+00  2.289379429728E-01
  5.247327830073E+00  2.289555834479E-01
  5.290313639469E+00  2.289739898426E-01
  5.335515989720E+00  2.289931889681E-01
  5.383049175599E+00  2.290132080148E-01
  5.433033385431E+00  2.290340745081E-01
  5.485595004987E+00  2.290558162589E-01
  5.540866937056E+00  2.290784613108E-01
  5.598988937492E+00  2.291020378818E-01
  5.660107968582E+00  2.291265743018E-01
  5.724378570651E+00  2.291520989459E-01
  5.791963252814E+00  2.291786401624E-01
  5.863032903882E+00  2.292062261985E-01
  5.937767224461E+00  2.292348851212E-01
  6.016355181325E+00  2.292646447355E-01
  6.098995485218E+00  2.292955324982E-01
  6.185897093304E+00  2.293275754301E-01
  6.277279737511E+00  2.293608000264E-01
  6.373374480132E+00  2.293952321659E-01
  6.474424298065E+00  2.294308970181E-01
  6.580684697186E+00  2.294678189497E-01
  6.692424358397E+00  2.295060214312E-01
  6.809925816991E+00  2.295455269439E-01
  6.933486177048E+00  2.295863568890E-01
  7.063417862663E+00  2.296285314981E-01
  7.200049407918E+00  2.296720697475E-01
  7.343726287582E+00  2.297169892756E-01
  7.494811790651E+00  2.297633063054E-01
  7.653687938929E+00  2.298110355716E-01
  7.820756452977E+00  2.298601902537E-01
  7.996439767863E+00  2.299107819163E-01
  8.181182101303E+00  2.299628204556E-01
  8.375450576866E+00  2.300163140541E-01
  8.579736405106E+00  2.300712691435E-01
  8.794556125590E+00  2.301276903758E-01
  9.020452912983E+00  2.301855806031E-01
  9.257997950464E+00  2.302449408675E-01
  9.507791873978E+00  2.303057703982E-01
  9.770466290947E+00  2.303680666197E-01
  1.004668537730E+01  2.304318251676E-01
  1.033714755686E+01  2.304970399141E-01
  1.064258726730E+01  2.305637030016E-01
  1.096377681720E+01  2.306318048848E-01
  1.130152833880E+01  2.307013343802E-01
  1.165669584156E+01  2.307722787234E-01
  1.203017737146E+01  2.308446236327E-01
  1.242291728176E+01  2.309183533787E-01
  1.283590862082E+01  2.309934508594E-01
  1.327019564299E+01  2.310698976797E-01
  1.372687644909E+01  2.311476742356E-01
  1.420710576289E+01  2.312267598004E-01
  1.471209785093E+01  2.313071326140E-01
  1.524312959276E+01  2.313887699741E-01
  1.580154370954E+01  2.314716483280E-01
  1.638875215916E+01  2.315557433647E-01
  1.700623970640E+01  2.316410301067E-01
  1.765556767714E+01  2.317274830009E-01
  1.833837790621E+01  2.318150760082E-01
  1.905639688881E+01  2.319037826906E-01
  1.981144014598E+01  2.319935762956E-01
  2.060541681511E+01  2.320844298386E-01
  2.144033447731E+01  2.321763161814E-01
  2.231830423355E+01  2.322692081067E-01
  2.324154604261E+01  2.323630783898E-01
  2.421239433430E+01  2.324578998654E-01
  2.523330391207E+01  2.325536454906E-01
  2.630685616005E+01  2.326502884038E-01
  2.743576557009E+01  2.327478019787E-01
  2.862288660539E+01  2.328461598749E-01
  2.987122091806E+01  2.329453360830E-01
  3.118392493885E+01  2.330453049668E-01
  3.256431785820E+01  2.331460413002E-01
  3.401589001888E+01  2.332475203004E-01
  3.554231174136E+01  2.333497176580E-01
  3.714744260428E+01  2.334526095617E-01
  3.883534120345E+01  2.335561727211E-01
  4.061027541403E+01  2.336603843850E-01
  4.247673318196E+01  2.337652223570E-01
  4.443943387176E+01  2.338706650074E-01
  4.650334019954E+01  2.339766912833E-01
  4.867367078126E+01  2.340832807153E-01
  5.095591332810E+01  2.341904134216E-01
  5.335583852220E+01  2.342980701105E-01
  5.587951460793E+01  2.344062320805E-01
  5.853332273550E+01  2.345148812182E-01
  6.132397309582E+01  2.346239999951E-01
  6.425852188729E+01  2.347335714623E-01
  6.734438915749E+01  2.348435792443E-01
  7.058937756492E+01  2.349540075310E-01
  7.400169210806E+01  2.350648410693E-01
  7.758996087189E+01  2.351760651528E-01
  8.136325684406E+01  2.352876656123E-01
  8.533112085614E+01  2.353996288034E-01
  8.950358570767E+01  2.355119415955E-01
  9.389120153429E+01  2.356245913592E-01
  9.850506248387E+01  2.357375659537E-01
  1.033568347683E+02  2.358508537136E-01
  1.084587861614E+02  2.359644434361E-01
  1.138238170187E+02  2.360783243670E-01
  1.194654928954E+02  2.361924861880E-01
  1.253980788479E+02  2.363069190025E-01
  1.316365755026E+02  2.364216133226E-01
  1.381967569854E+02  2.365365600554E-01
  1.450952108067E+02  2.366517504900E-01
  1.523493798033E+02  2.367671762841E-01
  1.599776062428E+02  2.368828294513E-01
  1.679991782024E+02  2.369987023480E-01
  1.764343783386E+02  2.371147876612E-01
  1.853045351728E+02  2.372310783960E-01
  1.946320770205E+02  2.373475678638E-01
  2.044405887014E+02  2.374642496704E-01
  2.147548711742E+02  2.375811177048E-01
  2.256010042462E+02  2.376981661276E-01
  2.370064125163E+02  2.378153893609E-01
  2.489999347185E+02  2.379327820772E-01
  2.616118966413E+02  2.380503391893E-01
  2.748741878063E+02  2.381680558408E-01
  2.888203421021E+02  2.382859273962E-01
  3.034856225744E+02  2.384039494318E-01
  3.189071105897E+02  2.385221177266E-01
  3.351237995957E+02  2.386404282540E-01
  3.521766937171E+02  2.387588771734E-01
  3.701089114347E+02  2.388774608219E-01
  3.889657946114E+02  2.389961757069E-01
  4.087950231396E+02  2.391150184987E-01
  4.296467355004E+02  2.392339860233E-01
  4.515736555398E+02  2.393530752552E-01
  4.746312257811E+02  2.394722833116E-01
  4.988777476127E+02  2.395916074452E-01
  5.243745287036E+02  2.397110450388E-01
  5.511860380208E+02  2.398305935988E-01
  5.793800688399E+02  2.399502507505E-01
  6.090279101614E+02  2.400700142319E-01
  6.402045269662E+02  2.401898818890E-01
  6.729887497651E+02  2.403098516709E-01
  7.074634739232E+02  2.404299216250E-01
  7.437158692619E+02  2.405500898923E-01
  7.818376004689E+02  2.406703547034E-01
  8.219250588739E+02  2.407907143745E-01
  8.640796061752E+02  2.409111673027E-01
  9.084078307342E+02  2.410317119633E-01
  9.550218170857E+02  2.411523469053E-01
  1.004039429345E+03  2.412730707485E-01
  1.055584609229E+03  2.413938821798E-01
  1.109787689444E+03  2.415147799506E-01
  1.166785723237E+03  2.416357628732E-01
  1.226722830931E+03  2.417568298184E-01
  1.289750564339E+03  2.418779797127E-01
  1.356028289967E+03  2.419992115352E-01
  1.425723591968E+03  2.421205243160E-01
  1.499012695886E+03  2.422419171331E-01
  1.576080914245E+03  2.423633891103E-01
  1.657123115109E+03  2.424849394155E-01
  1.742344214817E+03  2.426065672580E-01
  1.831959696108E+03  2.427282718870E-01
  1.926196152978E+03  2.428500525895E-01
  2.025291863623E+03  2.429719086887E-01
  2.129497392933E+03  2.430938395424E-01
  2.239076226042E+03  2.432158445412E-01
  2.354305434561E+03  2.433379231069E-01
  2.475476377151E+03  2.434600746915E-01
  2.602895436233E+03  2.435822987755E-01
  2.736884792677E+03  2.437045948669E-01
  2.877783240441E+03  2.438269624998E-01
  3.025947043218E+03  2.439494012340E-01
  3.181750835252E+03  2.440719106534E-01
  3.345588568607E+03  2.441944903641E-01
  3.517874509278E+03  2.443171399824E-01
  3.699044284673E+03  2.444398590833E-01
  3.889555985097E+03  2.445626469943E-01
  4.089891322046E+03  2.446855020157E-01
  4.300556846216E+03  2.448084187688E-01
  4.522085228326E+03  2.449313782984E-01
  4.755036605984E+03  2.450543264078E-01
  5.000000000000E+03  2.451770638164E-01
