  7.400000000000E-02  1.206358067453E-16
  7.475000000000E-02  1.206358067453E-16
  7.550000000000E-02  1.206358067453E-16
  7.625000000000E-02  1.206358067453E-16
  7.700000000000E-02  1.206358067453E-16
  7.775000000000E-02  1.206358067453E-16
  7.850000000000E-02  1.206358067453E-16
  7.925000000000E-02  1.206358067453E-16
  8.000000000000E-02  1.206358067453E-16
  8.075000000000E-02  1.206358067453E-16
  8.155057911714E-02  1.206358067453E-16
  8.240514834755E-02  1.206358067453E-16
  8.331734872090E-02  1.206358067453E-16
  8.429106681365E-02  1.206358067453E-16
  8.533045130836E-02  1.206358067453E-16
  8.643993066989E-02  1.206358067453E-16
  8.762423201355E-02  1.206358067453E-16
  8.888840124573E-02  1.206358067453E-16
  9.023782456282E-02  1.206358067453E-16
  9.167825139995E-02  1.206358067453E-16
  9.321581892739E-02  1.206358067453E-16
  9.485707819895E-02  1.206358067453E-16
  9.660902206378E-02  1.206358067453E-16
  9.847911496056E-02  1.206358067453E-16
  1.004753247209E-01  1.206358067453E-16
  1.026061565177E-01  1.206358067453E-16
  1.048806891026E-01  1.206358067453E-16
  1.073086134876E-01  1.206358067453E-16
  1.099002742350E-01  1.206358067453E-16
  1.126667135325E-01  1.206358067453E-16
  1.156197182397E-01  1.206358067453E-16
  1.187718701083E-01  1.206358067453E-16
  1.221365993884E-01  1.206358067453E-16
  1.257282420503E-01  1.206358067453E-16
  1.295621008655E-01  1.206358067453E-16
  1.336545106062E-01  1.206358067453E-16
  1.380229076425E-01  1.206358067453E-16
  1.426859042326E-01  1.206358067453E-16
  1.476633678238E-01  1.206358067453E-16
  1.529765057003E-01  1.206358067453E-16
  1.586479553410E-01  1.206358067453E-16
  1.647018808693E-01  1.206358067453E-16
  1.711640760088E-01  1.206358067453E-16
  1.780620739817E-01  1.206358067453E-16
  1.854252648179E-01  1.206358067453E-16
  1.932850205766E-01  1.206358067453E-16
  2.016748290116E-01  1.206358067453E-16
  2.106304362515E-01  1.206358067453E-16
  2.201899991016E-01  1.206358067453E-16
  2.303942476173E-01  1.206358067453E-16
  2.412866586410E-01  1.206358067453E-16
  2.529136410423E-01  1.206358067453E-16
  2.653247334501E-01  1.206358067453E-16
  2.785728153202E-01  1.206358067453E-16
  2.927143322368E-01  1.206358067453E-16
  3.078095364076E-01  1.206358067453E-16
  3.239227433785E-01  1.206358067453E-16
  3.411226060600E-01  1.206358067453E-16
  3.594824072340E-01  1.206358067453E-16
  3.790803717871E-01  1.206358067453E-16
  4.000000000000E-01  1.206358067453E-16
  4.287500000000E-01  2.819702843702E-03
  4.575000000000E-01  5.005472255367E-03
  4.862500000000E-01  6.645541467245E-03
  5.150000000000E-01  7.882218042187E-03
  5.437500000000E-01  8.815843492360E-03
  5.725000000000E-01  9.518726980566E-03
  6.012500000000E-01  1.004389451814E-02
  6.300000000000E-01  1.043084151515E-02
  6.587500000000E-01  1.070938704724E-02
  6.875000000000E-01  1.090231693934E-02
  7.162500000000E-01  1.102722980483E-02
  7.450000000000E-01  1.109784823171E-02
  7.737500000000E-01  1.112496411346E-02
  8.025000000000E-01  1.111712969262E-02
  8.312500000000E-01  1.108116897001E-02
  8.600000000000E-01  1.102256051255E-02
  8.887500000000E-01  1.094572704126E-02
  9.175000000000E-01  1.085425656292E-02
  9.462500000000E-01  1.075107272899E-02
  9.750000000000E-01  1.063856704803E-02
  1.003750000000E+00  1.051870244706E-02
  1.032500000000E+00  1.039309485012E-02
  1.061250000000E+00  1.026307776096E-02
  1.090000000000E+00  1.012975389501E-02
  1.118750000000E+00  9.994036586712E-03
  1.147500000000E+00  9.856683116354E-03
  1.176250000000E+00  9.718321749996E-03
  1.205000000000E+00  9.579473757987E-03
  1.233750000000E+00  9.440571415402E-03
  1.262500000000E+00  9.301972791039E-03
  1.291250000000E+00  9.163973904804E-03
  1.320000000000E+00  9.026818766761E-03
  1.348750000000E+00  8.890707729346E-03
  1.377500000000E+00  8.755804466835E-03
  1.406250000000E+00  8.622241796296E-03
  1.435000000000E+00  8.490126507857E-03
  1.463750000000E+00  8.359543415602E-03
  1.492500000000E+00  8.230558782243E-03
  1.521250000000E+00  8.103223211181E-03
  1.550000000000E+00  7.977574104355E-03
  1.578750000000E+00  7.853637738051E-03
  1.607500000000E+00  7.731430997510E-03
  1.636250000000E+00  7.610962849743E-03
  1.665000000000E+00  7.492235606962E-03
  1.693750000000E+00  7.375246001741E-03
  1.722500000000E+00  7.259986102725E-03
  1.751250000000E+00  7.146444096138E-03
  1.780000000000E+00  7.034604955085E-03
  1.808750000000E+00  6.924451009577E-03
  1.837500000000E+00  6.815962428983E-03
  1.866250000000E+00  6.709117634857E-03
  1.895000000000E+00  6.603893655510E-03
  1.923750000000E+00  6.500266428529E-03
  1.952500000000E+00  6.398211058781E-03
  1.981250000000E+00  6.297702038272E-03
  2.010000000000E+00  6.198713433293E-03
  2.038750000000E+00  6.101219043476E-03
  2.067500000000E+00  6.005192536717E-03
  2.096250000000E+00  5.910607562890E-03
  2.125000000000E+00  5.817437848178E-03
  2.153750000000E+00  5.725657274297E-03
  2.182500000000E+00  5.635239947294E-03
  2.211250000000E+00  5.546160254988E-03
  2.240000000000E+00  5.458392913114E-03
  2.268750000000E+00  5.371913002916E-03
  2.297500000000E+00  5.286696001424E-03
  2.326250000000E+00  5.202717805454E-03
  2.355000000000E+00  5.119954750233E-03
  2.383750000000E+00  5.038383623394E-03
  2.412500000000E+00  4.957981675019E-03
  2.441250000000E+00  4.878726624302E-03
  2.470000000000E+00  4.800596663321E-03
  2.498750000000E+00  4.723570458351E-03
  2.527500000000E+00  4.647627149105E-03
  2.556250000000E+00  4.572746346202E-03
  2.585000000000E+00  4.498908127166E-03
  2.613750000000E+00  4.426093031184E-03
  2.642500000000E+00  4.354282052839E-03
  2.671250000000E+00  4.283456635002E-03
  2.700000000000E+00  4.213598661034E-03
  2.728750000000E+00  4.144690446447E-03
  2.757500000000E+00  4.076714730129E-03
  2.786250000000E+00  4.009654665240E-03
  2.815000000000E+00  3.943493809869E-03
  2.843750000000E+00  3.878216117521E-03
  2.872500000000E+00  3.813805927511E-03
  2.901250000000E+00  3.750247955297E-03
  2.930000000000E+00  3.687527282831E-03
  2.958750000000E+00  3.625629348934E-03
  2.987500000000E+00  3.564539939758E-03
  3.016250000000E+00  3.504245179343E-03
  3.045000000000E+00  3.444731520303E-03
  3.073750000000E+00  3.385985734657E-03
  3.102500000000E+00  3.327994904823E-03
  3.131250000000E+00  3.270746414785E-03
  3.160000000000E+00  3.214227941445E-03
  3.188750000000E+00  3.158427446172E-03
  3.217500000000E+00  3.103333166540E-03
  3.246250000000E+00  3.048933608282E-03
  3.275000000000E+00  2.995217537438E-03
  3.303750000000E+00  2.942173972717E-03
  3.332500000000E+00  2.889792178065E-03
  3.361250000000E+00  2.838061655438E-03
  3.390000000000E+00  2.786972137783E-03
  3.418750000000E+00  2.736513582220E-03
  3.447500000000E+00  2.686676163427E-03
  3.476250000000E+00  2.637450267220E-03
  3.505000000000E+00  2.588826484330E-03
  3.533750000000E+00  2.540795604367E-03
  3.562500000000E+00  2.493348609975E-03
  3.591250000000E+00  2.446476671163E-03
  3.620000000000E+00  2.400171139816E-03
  3.648750000000E+00  2.354423544383E-03
  3.677500000000E+00  2.309225584723E-03
  3.706250000000E+00  2.264569127125E-03
  3.735000000000E+00  2.220446199475E-03
  3.763750000000E+00  2.176848986589E-03
  3.792500000000E+00  2.133769825678E-03
  3.821250000000E+00  2.091201201965E-03
  3.850000000000E+00  2.049135744429E-03
  3.878750000000E+00  2.007566221547E-03
  3.907500000000E+00  1.966485537203E-03
  3.936250000000E+00  1.925886727051E-03
  3.965000000000E+00  1.885762955047E-03
  3.993750000000E+00  1.846107509908E-03
  4.022500000000E+00  1.806913801620E-03
  4.051250000000E+00  1.768175358060E-03
  4.080000000000E+00  1.729885821730E-03
  4.108750000000E+00  1.692038946598E-03
  4.137500000000E+00  1.654628595048E-03
  4.166250000000E+00  1.617648734926E-03
  4.195000000000E+00  1.581093436677E-03
  4.223750000000E+00  1.544956870724E-03
  4.252500000000E+00  1.509233304971E-03
  4.281250000000E+00  1.473917102102E-03
  4.310000000000E+00  1.439002716855E-03
  4.338750000000E+00  1.404484693537E-03
  4.367500000000E+00  1.370357663715E-03
  4.396250000000E+00  1.336616343965E-03
  4.425000000000E+00  1.303255533729E-03
  4.453750000000E+00  1.270270113591E-03
  4.482500000000E+00  1.237655043558E-03
  4.511250000000E+00  1.205405360543E-03
  4.540000000000E+00  1.173516175791E-03
  4.568750000000E+00  1.141982672880E-03
  4.597500000000E+00  1.110800105991E-03
  4.626250000000E+00  1.079963798561E-03
  4.655000000000E+00  1.049469141777E-03
  4.683750000000E+00  1.019311592264E-03
  4.712500000000E+00  9.894866698299E-04
  4.741250000000E+00  9.599899557738E-04
  4.770000000000E+00  9.308170914783E-04
  4.798750000000E+00  9.019637767909E-04
  4.827500000000E+00  8.734257681728E-04
  4.856250000000E+00  8.451988770319E-04
  4.885000000000E+00  8.172789679905E-04
  4.913750000000E+00  7.896619573510E-04
  4.942500000000E+00  7.623438119939E-04
  4.971250000000E+00  7.353205476873E-04
  5.000000000000E+00  7.085882275743E-04
  5.030232478763E+00  6.807870466522E-04
  5.062023879535E+00  6.518898154366E-04
  5.095454587316E+00  6.218701815630E-04
  5.130609132117E+00  5.907028077425E-04
  5.167576402695E+00  5.583635588245E-04
  5.206449871311E+00  5.248296960522E-04
  5.247327830073E+00  4.900800751010E-04
  5.290313639469E+00  4.540953417646E-04
  5.335515989720E+00  4.168581154442E-04
  5.383049175599E+00  3.783531548196E-04
  5.433033385431E+00  3.385675112109E-04
  5.485595004987E+00  2.974906651359E-04
  5.540866937056E+00  2.551145558738E-04
  5.598988937492E+00  2.311790147161E-04
  5.660107968582E+00  2.157141820624E-04
  5.724378570651E+00  1.997990572697E-04
  5.791963252814E+00  1.834345544164E-04
  5.863032903882E+00  1.666227933411E-04
  5.937767224461E+00  1.493671574856E-04
  6.016355181325E+00  1.316723469759E-04
  6.098995485218E+00  1.135444260522E-04
  6.185897093304E+00  9.499086398296E-05
  6.277279737511E+00  7.602056860900E-05
  6.373374480132E+00  5.664391169989E-05
  6.474424298065E+00  3.829772140139E-05
  6.580684697186E+00  2.241666564893E-05
  6.692424358397E+00  1.065838038938E-05
  6.809925816991E+00  2.739407227988E-06
  6.933486177048E+00  1.134404292175E-16
  7.063417862663E+00  1.134404292175E-16
  7.200049407918E+00  1.134404292175E-16
  7.343726287582E+00  1.134404292175E-16
  7.494811790651E+00  1.134404292175E-16
  7.653687938929E+00  1.134404292175E-16
  7.820756452977E+00  1.134404292175E-16
  7.996439767863E+00  1.134404292175E-16
  8.181182101303E+00  1.134404292175E-16
  8.375450576866E+00  1.134404292175E-16
  8.579736405106E+00  1.134404292175E-16
  8.794556125590E+00  1.134404292175E-16
  9.020452912983E+00  1.134404292175E-16
  9.257997950464E+00  1.134404292175E-16
  9.507791873978E+00  1.134404292175E-16
  9.770466290947E+00  1.134404292175E-16
  1.004668537730E+01  1.134404292175E-16
  1.033714755686E+01  1.134404292175E-16
  1.064258726730E+01  1.134404292175E-16
  1.096377681720E+01  1.134404292175E-16
  1.130152833880E+01  1.134404292175E-16
  1.165669584156E+01  1.134404292175E-16
  1.203017737146E+01  1.134404292175E-16
  1.242291728176E+01  1.134404292175E-16
  1.283590862082E+01  1.134404292175E-16
  1.327019564299E+01  1.134404292175E-16
  1.372687644909E+01  1.134404292175E-16
  1.420710576289E+01  1.134404292175E-16
  1.471209785093E+01  1.134404292175E-16
  1.524312959276E+01  1.134404292175E-16
  1.580154370954E+01  1.134404292175E-16
  1.638875215916E+01  1.134404292175E-16
  1.700623970640E+01  1.134404292175E-16
  1.765556767714E+01  1.134404292175E-16
  1.833837790621E+01  1.134404292175E-16
  1.905639688881E+01  1.134404292175E-16
  1.981144014598E+01  1.134404292175E-16
  2.060541681511E+01  1.134404292175E-16
  2.144033447731E+01  1.134404292175E-16
  2.231830423355E+01  1.134404292175E-16
  2.324154604261E+01  1.134404292175E-16
  2.421239433430E+01  1.134404292175E-16
  2.523330391207E+01  1.134404292175E-16
  2.630685616005E+01  1.134404292175E-16
  2.743576557009E+01  1.134404292175E-16
  2.862288660539E+01  1.134404292175E-16
  2.987122091806E+01  1.134404292175E-16
  3.118392493885E+01  1.134404292175E-16
  3.256431785820E+01  1.134404292175E-16
  3.401589001888E+01  1.134404292175E-16
  3.554231174136E+01  1.134404292175E-16
  3.714744260428E+01  1.134404292175E-16
  3.883534120345E+01  1.134404292175E-16
  4.061027541403E+01  1.134404292175E-16
  4.247673318196E+01  1.134404292175E-16
  4.443943387176E+01  1.134404292175E-16
  4.650334019954E+01  1.134404292175E-16
  4.867367078126E+01  1.134404292175E-16
  5.095591332810E+01  1.134404292175E-16
  5.335583852220E+01  1.134404292175E-16
  5.587951460793E+01  1.134404292175E-16
  5.853332273550E+01  1.134404292175E-16
  6.132397309582E+01  1.134404292175E-16
  6.425852188729E+01  1.134404292175E-16
  6.734438915749E+01  1.134404292175E-16
  7.058937756492E+01  1.134404292175E-16
  7.400169210806E+01  1.134404292175E-16
  7.758996087189E+01  1.134404292175E-16
  8.136325684406E+01  1.134404292175E-16
  8.533112085614E+01  1.134404292175E-16
  8.950358570767E+01  1.134404292175E-16
  9.389120153429E+01  1.134404292175E-16
  9.850506248387E+01  1.134404292175E-16
  1.033568347683E+02  1.134404292175E-16
  1.084587861614E+02  1.134404292175E-16
  1.138238170187E+02  1.134404292175E-16
  1.194654928954E+02  1.134404292175E-16
  1.253980788479E+02  1.134404292175E-16
  1.316365755026E+02  1.134404292175E-16
  1.381967569854E+02  1.134404292175E-16
  1.450952108067E+02  1.134404292175E-16
  1.523493798033E+02  1.134404292175E-16
  1.599776062428E+02  1.134404292175E-16
  1.679991782024E+02  1.134404292175E-16
  1.764343783386E+02  1.134404292175E-16
  1.853045351728E+02  1.134404292175E-16
  1.946320770205E+02  1.134404292175E-16
  2.044405887014E+02  1.134404292175E-16
  2.147548711742E+02  1.134404292175E-16
  2.256010042462E+02  1.134404292175E-16
  2.370064125163E+02  1.134404292175E-16
  2.489999347185E+02  1.134404292175E-16
  2.616118966413E+02  1.134404292175E-16
  2.748741878063E+02  1.134404292175E-16
  2.888203421021E+02  1.134404292175E-16
  3.034856225744E+02  1.134404292175E-16
  3.189071105897E+02  1.134404292175E-16
  3.351237995957E+02  1.134404292175E-16
  3.521766937171E+02  1.134404292175E-16
  3.701089114347E+02  1.134404292175E-16
  3.889657946114E+02  1.134404292175E-16
  4.087950231396E+02  1.134404292175E-16
  4.296467355004E+02  1.134404292175E-16
  4.515736555398E+02  1.134404292175E-16
  4.746312257811E+02  1.134404292175E-16
  4.988777476127E+02  1.134404292175E-16
  5.243745287036E+02  1.134404292175E-16
  5.511860380208E+02  1.134404292175E-16
  5.793800688399E+02  1.134404292175E-16
  6.090279101614E+02  1.134404292175E-16
  6.402045269662E+02  1.134404292175E-16
  6.729887497651E+02  1.134404292175E-16
  7.074634739232E+02  1.134404292175E-16
  7.437158692619E+02  1.134404292175E-16
  7.818376004689E+02  1.134404292175E-16
  8.219250588739E+02  1.134404292175E-16
  8.640796061752E+02  1.134404292175E-16
  9.084078307342E+02  1.134404292175E-16
  9.550218170857E+02  1.134404292175E-16
  1.004039429345E+03  1.134404292175E-16
  1.055584609229E+03  1.134404292175E-16
  1.109787689444E+03  1.134404292175E-16
  1.166785723237E+03  1.134404292175E-16
  1.226722830931E+03  1.134404292175E-16
  1.289750564339E+03  1.134404292175E-16
  1.356028289967E+03  1.134404292175E-16
  1.425723591968E+03  1.134404292175E-16
  1.499012695886E+03  1.134404292175E-16
  1.576080914245E+03  1.134404292175E-16
  1.657123115109E+03  1.134404292175E-16
  1.742344214817E+03  1.134404292175E-16
  1.831959696108E+03  1.134404292175E-16
  1.926196152978E+03  1.134404292175E-16
  2.025291863623E+03  1.134404292175E-16
  2.129497392933E+03  1.134404292175E-16
  2.239076226042E+03  1.134404292175E-16
  2.354305434561E+03  1.134404292175E-16
  2.475476377151E+03  1.134404292175E-16
  2.602895436233E+03  1.134404292175E-16
  2.736884792677E+03  1.134404292175E-16
  2.877783240441E+03  1.134404292175E-16
  3.025947043218E+03  1.134404292175E-16
  3.181750835252E+03  1.134404292175E-16
  3.345588568607E+03  1.134404292175E-16
  3.517874509278E+03  1.134404292175E-16
  3.699044284673E+03  1.134404292175E-16
  3.889555985097E+03  1.134404292175E-16
  4.089891322046E+03  1.134404292175E-16
  4.300556846216E+03  1.134404292175E-16
  4.522085228326E+03  1.134404292175E-16
  4.755036605984E+03  1.134404292175E-16
  5.000000000000E+03  1.134404292175E-16
