  7.400000000000E-02  1.206358067453E-16
  7.475000000000E-02  1.206358067453E-16
  7.550000000000E-02  1.206358067453E-16
  7.625000000000E-02  1.206358067453E-16
  7.700000000000E-02  1.206358067453E-16
  7.775000000000E-02  1.206358067453E-16
  7.850000000000E-02  1.206358067453E-16
  7.925000000000E-02  1.206358067453E-16
  8.000000000000E-02  1.206358067453E-16
  8.075000000000E-02  1.206358067453E-16
  8.155057911714E-02  1.206358067453E-16
  8.240514834755E-02  1.206358067453E-16
  8.331734872090E-02  1.206358067453E-16
  8.429106681365E-02  1.206358067453E-16
  8.533045130836E-02  1.206358067453E-16
  8.643993066989E-02  1.206358067453E-16
  8.762423201355E-02  1.206358067453E-16
  8.888840124573E-02  1.206358067453E-16
  9.023782456282E-02  1.206358067453E-16
  9.167825139995E-02  1.206358067453E-16
  9.321581892739E-02  1.206358067453E-16
  9.485707819895E-02  1.206358067453E-16
  9.660902206378E-02  1.206358067453E-16
  9.847911496056E-02  1.206358067453E-16
  1.004753247209E-01  1.206358067453E-16
  1.026061565177E-01  1.206358067453E-16
  1.048806891026E-01  1.206358067453E-16
  1.073086134876E-01  1.206358067453E-16
  1.099002742350E-01  1.206358067453E-16
  1.126667135325E-01  1.206358067453E-16
  1.156197182397E-01  1.206358067453E-16
  1.187718701083E-01  1.206358067453E-16
  1.221365993884E-01  1.206358067453E-16
  1.257282420503E-01  1.206358067453E-16
  1.295621008655E-01  1.206358067453E-16
  1.336545106062E-01  1.206358067453E-16
  1.380229076425E-01  1.206358067453E-16
  1.426859042326E-01  1.206358067453E-16
  1.476633678238E-01  1.206358067453E-16
  1.529765057003E-01  1.206358067453E-16
  1.586479553410E-01  1.206358067453E-16
  1.647018808693E-01  1.206358067453E-16
  1.711640760088E-01  1.206358067453E-16
  1.780620739817E-01  1.206358067453E-16
  1.854252648179E-01  1.206358067453E-16
  1.932850205766E-01  1.206358067453E-16
  2.016748290116E-01  1.206358067453E-16
  2.106304362515E-01  1.206358067453E-16
  2.201899991016E-01  1.206358067453E-16
  2.303942476173E-01  1.206358067453E-16
  2.412866586410E-01  1.206358067453E-16
  2.529136410423E-01  1.206358067453E-16
  2.653247334501E-01  1.206358067453E-16
  2.785728153202E-01  1.206358067453E-16
  2.927143322368E-01  1.206358067453E-16
  3.078095364076E-01  1.206358067453E-16
  3.239227433785E-01  1.206358067453E-16
  3.411226060600E-01  1.206358067453E-16
  3.594824072340E-01  1.206358067453E-16
  3.790803717871E-01  1.206358067453E-16
  4.000000000000E-01  1.206358067453E-16
  4.287500000000E-01  3.088659662766E-03
  4.575000000000E-01  5.394870951512E-03
  4.862500000000E-01  7.132864030329E-03
  5.150000000000E-01  8.450410743334E-03
  5.437500000000E-01  9.451709341394E-03
  5.725000000000E-01  1.021186175352E-02
  6.012500000000E-01  1.078596035730E-02
  6.300000000000E-01  1.121505849833E-02
  6.587500000000E-01  1.153016989994E-02
  6.875000000000E-01  1.175501051913E-02
  7.162500000000E-01  1.190791300472E-02
  7.450000000000E-01  1.200318629911E-02
  7.737500000000E-01  1.205209598033E-02
  8.025000000000E-01  1.206358067453E-02
  8.312500000000E-01  1.204478239658E-02
  8.600000000000E-01  1.200144373684E-02
  8.887500000000E-01  1.193820832995E-02
  9.175000000000E-01  1.185885037486E-02
  9.462500000000E-01  1.176645150174E-02
  9.750000000000E-01  1.166353824441E-02
  1.003750000000E+00  1.155218954217E-02
  1.032500000000E+00  1.143412156383E-02
  1.061250000000E+00  1.131075505278E-02
  1.090000000000E+00  1.118326895959E-02
  1.118750000000E+00  1.105264352930E-02
  1.147500000000E+00  1.091969509408E-02
  1.176250000000E+00  1.078510430133E-02
  1.205000000000E+00  1.064943907093E-02
  1.233750000000E+00  1.051317333790E-02
  1.262500000000E+00  1.037670251732E-02
  1.291250000000E+00  1.024035631361E-02
  1.320000000000E+00  1.010440924204E-02
  1.348750000000E+00  9.969089322872E-03
  1.377500000000E+00  9.834585368798E-03
  1.406250000000E+00  9.701053114696E-03
  1.435000000000E+00  9.568620367477E-03
  1.463750000000E+00  9.437391275916E-03
  1.492500000000E+00  9.307449915781E-03
  1.521250000000E+00  9.178863344380E-03
  1.550000000000E+00  9.051684185782E-03
  1.578750000000E+00  8.925952828225E-03
  1.607500000000E+00  8.801699289222E-03
  1.636250000000E+00  8.678944791687E-03
  1.665000000000E+00  8.557703107564E-03
  1.693750000000E+00  8.437981709051E-03
  1.722500000000E+00  8.319782751720E-03
  1.751250000000E+00  8.203103915230E-03
  1.780000000000E+00  8.087939120936E-03
  1.808750000000E+00  7.974279140539E-03
  1.837500000000E+00  7.862112118068E-03
  1.866250000000E+00  7.751424026932E-03
  1.895000000000E+00  7.642199062973E-03
  1.923750000000E+00  7.534419977228E-03
  1.952500000000E+00  7.428068360981E-03
  1.981250000000E+00  7.323124890057E-03
  2.010000000000E+00  7.219569534157E-03
  2.038750000000E+00  7.117381736169E-03
  2.067500000000E+00  7.016540565643E-03
  2.096250000000E+00  6.917024845565E-03
  2.125000000000E+00  6.818813255391E-03
  2.153750000000E+00  6.721884425015E-03
  2.182500000000E+00  6.626217021609E-03
  2.211250000000E+00  6.531789820191E-03
  2.240000000000E+00  6.438581759890E-03
  2.268750000000E+00  6.346571990870E-03
  2.297500000000E+00  6.255739913219E-03
  2.326250000000E+00  6.166065208922E-03
  2.355000000000E+00  6.077527867838E-03
  2.383750000000E+00  5.990108208522E-03
  2.412500000000E+00  5.903786894579E-03
  2.441250000000E+00  5.818544947195E-03
  2.470000000000E+00  5.734363754356E-03
  2.498750000000E+00  5.651225077246E-03
  2.527500000000E+00  5.569111054217E-03
  2.556250000000E+00  5.488004202694E-03
  2.585000000000E+00  5.407887419328E-03
  2.613750000000E+00  5.328743977878E-03
  2.642500000000E+00  5.250557524604E-03
  2.671250000000E+00  5.173312074054E-03
  2.700000000000E+00  5.096992006343E-03
  2.728750000000E+00  5.021582062848E-03
  2.757500000000E+00  4.947067340028E-03
  2.786250000000E+00  4.873433282769E-03
  2.815000000000E+00  4.800665677375E-03
  2.843750000000E+00  4.728750644267E-03
  2.872500000000E+00  4.657674630470E-03
  2.901250000000E+00  4.587424401943E-03
  2.930000000000E+00  4.517987035811E-03
  2.958750000000E+00  4.449349912537E-03
  2.987500000000E+00  4.381500708085E-03
  3.016250000000E+00  4.314427386094E-03
  3.045000000000E+00  4.248118190104E-03
  3.073750000000E+00  4.182561635851E-03
  3.102500000000E+00  4.117746503658E-03
  3.131250000000E+00  4.053661830934E-03
  3.160000000000E+00  3.990296904796E-03
  3.188750000000E+00  3.927641254831E-03
  3.217500000000E+00  3.865684646002E-03
  3.246250000000E+00  3.804417071705E-03
  3.275000000000E+00  3.743828746993E-03
  3.303750000000E+00  3.683910101953E-03
  3.332500000000E+00  3.624651775263E-03
  3.361250000000E+00  3.566044607901E-03
  3.390000000000E+00  3.508079637042E-03
  3.418750000000E+00  3.450748090109E-03
  3.447500000000E+00  3.394041379004E-03
  3.476250000000E+00  3.337951094501E-03
  3.505000000000E+00  3.282469000807E-03
  3.533750000000E+00  3.227587030289E-03
  3.562500000000E+00  3.173297278359E-03
  3.591250000000E+00  3.119591998519E-03
  3.620000000000E+00  3.066463597563E-03
  3.648750000000E+00  3.013904630933E-03
  3.677500000000E+00  2.961907798217E-03
  3.706250000000E+00  2.910465938798E-03
  3.735000000000E+00  2.859572027647E-03
  3.763750000000E+00  2.809219171246E-03
  3.792500000000E+00  2.759400603654E-03
  3.821250000000E+00  2.710109682695E-03
  3.850000000000E+00  2.661339886282E-03
  3.878750000000E+00  2.613084808855E-03
  3.907500000000E+00  2.565338157944E-03
  3.936250000000E+00  2.518093750842E-03
  3.965000000000E+00  2.471345511396E-03
  3.993750000000E+00  2.425087466865E-03
  4.022500000000E+00  2.379313744433E-03
  4.051250000000E+00  2.334018567972E-03
  4.080000000000E+00  2.289196255805E-03
  4.108750000000E+00  2.244841218441E-03
  4.137500000000E+00  2.200947955929E-03
  4.166250000000E+00  2.157511055302E-03
  4.195000000000E+00  2.114525188122E-03
  4.223750000000E+00  2.071985108096E-03
  4.252500000000E+00  2.029885648784E-03
  4.281250000000E+00  1.988221721383E-03
  4.310000000000E+00  1.946988312585E-03
  4.338750000000E+00  1.906180482504E-03
  4.367500000000E+00  1.865793362678E-03
  4.396250000000E+00  1.825822154122E-03
  4.425000000000E+00  1.786262125459E-03
  4.453750000000E+00  1.747108611093E-03
  4.482500000000E+00  1.708357009439E-03
  4.511250000000E+00  1.670002781190E-03
  4.540000000000E+00  1.632041447094E-03
  4.568750000000E+00  1.594468586061E-03
  4.597500000000E+00  1.557279834458E-03
  4.626250000000E+00  1.520470885173E-03
  4.655000000000E+00  1.484037486135E-03
  4.683750000000E+00  1.447975438882E-03
  4.712500000000E+00  1.412280597175E-03
  4.741250000000E+00  1.376948865659E-03
  4.770000000000E+00  1.341976198561E-03
  4.798750000000E+00  1.307358598426E-03
  4.827500000000E+00  1.273092114778E-03
  4.856250000000E+00  1.239172842829E-03
  4.885000000000E+00  1.205596922553E-03
  4.913750000000E+00  1.172360537905E-03
  4.942500000000E+00  1.139459915873E-03
  4.971250000000E+00  1.106891325435E-03
  5.000000000000E+00  1.074651076595E-03
  5.030232478763E+00  1.041098565831E-03
  5.062023879535E+00  1.006198642359E-03
  5.095454587316E+00  9.699171054399E-04
  5.130609132117E+00  9.322209466142E-04
  5.167576402695E+00  8.930786108742E-04
  5.206449871311E+00  8.524602771709E-04
  5.247327830073E+00  8.103381580609E-04
  5.290313639469E+00  7.666868150573E-04
  5.335515989720E+00  7.214834869594E-04
  5.383049175599E+00  6.747084329532E-04
  5.433033385431E+00  6.263452827059E-04
  5.485595004987E+00  5.763813857592E-04
  5.540866937056E+00  5.248081564051E-04
  5.598988937492E+00  4.716214027740E-04
  5.660107968582E+00  4.168216291194E-04
  5.724378570651E+00  3.604143043368E-04
  5.791963252814E+00  3.024100918815E-04
  5.863032903882E+00  2.428250231924E-04
  5.937767224461E+00  1.816805377040E-04
  6.016355181325E+00  1.190032446601E-04
  6.098995485218E+00  5.482444737720E-05
  6.185897093304E+00  1.206358067453E-16
  6.277279737511E+00  1.206358067453E-16
  6.373374480132E+00  1.206358067453E-16
  6.474424298065E+00  1.206358067453E-16
  6.580684697186E+00  1.206358067453E-16
  6.692424358397E+00  1.206358067453E-16
  6.809925816991E+00  1.206358067453E-16
  6.933486177048E+00  1.206358067453E-16
  7.063417862663E+00  1.206358067453E-16
  7.200049407918E+00  1.206358067453E-16
  7.343726287582E+00  1.206358067453E-16
  7.494811790651E+00  1.206358067453E-16
  7.653687938929E+00  1.206358067453E-16
  7.820756452977E+00  1.206358067453E-16
  7.996439767863E+00  1.206358067453E-16
  8.181182101303E+00  1.206358067453E-16
  8.375450576866E+00  1.206358067453E-16
  8.579736405106E+00  1.206358067453E-16
  8.794556125590E+00  1.206358067453E-16
  9.020452912983E+00  1.206358067453E-16
  9.257997950464E+00  1.206358067453E-16
  9.507791873978E+00  1.206358067453E-16
  9.770466290947E+00  1.206358067453E-16
  1.004668537730E+01  1.206358067453E-16
  1.033714755686E+01  1.206358067453E-16
  1.064258726730E+01  1.206358067453E-16
  1.096377681720E+01  1.206358067453E-16
  1.130152833880E+01  1.206358067453E-16
  1.165669584156E+01  1.206358067453E-16
  1.203017737146E+01  1.206358067453E-16
  1.242291728176E+01  1.206358067453E-16
  1.283590862082E+01  1.206358067453E-16
  1.327019564299E+01  1.206358067453E-16
  1.372687644909E+01  1.206358067453E-16
  1.420710576289E+01  1.206358067453E-16
  1.471209785093E+01  1.206358067453E-16
  1.524312959276E+01  1.206358067453E-16
  1.580154370954E+01  1.206358067453E-16
  1.638875215916E+01  1.206358067453E-16
  1.700623970640E+01  1.206358067453E-16
  1.765556767714E+01  1.206358067453E-16
  1.833837790621E+01  1.206358067453E-16
  1.905639688881E+01  1.206358067453E-16
  1.981144014598E+01  1.206358067453E-16
  2.060541681511E+01  1.206358067453E-16
  2.144033447731E+01  1.206358067453E-16
  2.231830423355E+01  1.206358067453E-16
  2.324154604261E+01  1.206358067453E-16
  2.421239433430E+01  1.206358067453E-16
  2.523330391207E+01  1.206358067453E-16
  2.630685616005E+01  1.206358067453E-16
  2.743576557009E+01  1.206358067453E-16
  2.862288660539E+01  1.206358067453E-16
  2.987122091806E+01  1.206358067453E-16
  3.118392493885E+01  1.206358067453E-16
  3.256431785820E+01  1.206358067453E-16
  3.401589001888E+01  1.206358067453E-16
  3.554231174136E+01  1.206358067453E-16
  3.714744260428E+01  1.206358067453E-16
  3.883534120345E+01  1.206358067453E-16
  4.061027541403E+01  1.206358067453E-16
  4.247673318196E+01  1.206358067453E-16
  4.443943387176E+01  1.206358067453E-16
  4.650334019954E+01  1.206358067453E-16
  4.867367078126E+01  1.206358067453E-16
  5.095591332810E+01  1.206358067453E-16
  5.335583852220E+01  1.206358067453E-16
  5.587951460793E+01  1.206358067453E-16
  5.853332273550E+01  1.206358067453E-16
  6.132397309582E+01  1.206358067453E-16
  6.425852188729E+01  1.206358067453E-16
  6.734438915749E+01  1.206358067453E-16
  7.058937756492E+01  1.206358067453E-16
  7.400169210806E+01  1.206358067453E-16
  7.758996087189E+01  1.206358067453E-16
  8.136325684406E+01  1.206358067453E-16
  8.533112085614E+01  1.206358067453E-16
  8.950358570767E+01  1.206358067453E-16
  9.389120153429E+01  1.206358067453E-16
  9.850506248387E+01  1.206358067453E-16
  1.033568347683E+02  1.206358067453E-16
  1.084587861614E+02  1.206358067453E-16
  1.138238170187E+02  1.206358067453E-16
  1.194654928954E+02  1.206358067453E-16
  1.253980788479E+02  1.206358067453E-16
  1.316365755026E+02  1.206358067453E-16
  1.381967569854E+02  1.206358067453E-16
  1.450952108067E+02  1.206358067453E-16
  1.523493798033E+02  1.206358067453E-16
  1.599776062428E+02  1.206358067453E-16
  1.679991782024E+02  1.206358067453E-16
  1.764343783386E+02  1.206358067453E-16
  1.853045351728E+02  1.206358067453E-16
  1.946320770205E+02  1.206358067453E-16
  2.044405887014E+02  1.206358067453E-16
  2.147548711742E+02  1.206358067453E-16
  2.256010042462E+02  1.206358067453E-16
  2.370064125163E+02  1.206358067453E-16
  2.489999347185E+02  1.206358067453E-16
  2.616118966413E+02  1.206358067453E-16
  2.748741878063E+02  1.206358067453E-16
  2.888203421021E+02  1.206358067453E-16
  3.034856225744E+02  1.206358067453E-16
  3.189071105897E+02  1.206358067453E-16
  3.351237995957E+02  1.206358067453E-16
  3.521766937171E+02  1.206358067453E-16
  3.701089114347E+02  1.206358067453E-16
  3.889657946114E+02  1.206358067453E-16
  4.087950231396E+02  1.206358067453E-16
  4.296467355004E+02  1.206358067453E-16
  4.515736555398E+02  1.206358067453E-16
  4.746312257811E+02  1.206358067453E-16
  4.988777476127E+02  1.206358067453E-16
  5.243745287036E+02  1.206358067453E-16
  5.511860380208E+02  1.206358067453E-16
  5.793800688399E+02  1.206358067453E-16
  6.090279101614E+02  1.206358067453E-16
  6.402045269662E+02  1.206358067453E-16
  6.729887497651E+02  1.206358067453E-16
  7.074634739232E+02  1.206358067453E-16
  7.437158692619E+02  1.206358067453E-16
  7.818376004689E+02  1.206358067453E-16
  8.219250588739E+02  1.206358067453E-16
  8.640796061752E+02  1.206358067453E-16
  9.084078307342E+02  1.206358067453E-16
  9.550218170857E+02  1.206358067453E-16
  1.004039429345E+03  1.206358067453E-16
  1.055584609229E+03  1.206358067453E-16
  1.109787689444E+03  1.206358067453E-16
  1.166785723237E+03  1.206358067453E-16
  1.226722830931E+03  1.206358067453E-16
  1.289750564339E+03  1.206358067453E-16
  1.356028289967E+03  1.206358067453E-16
  1.425723591968E+03  1.206358067453E-16
  1.499012695886E+03  1.206358067453E-16
  1.576080914245E+03  1.206358067453E-16
  1.657123115109E+03  1.206358067453E-16
  1.742344214817E+03  1.206358067453E-16
  1.831959696108E+03  1.206358067453E-16
  1.926196152978E+03  1.206358067453E-16
  2.025291863623E+03  1.206358067453E-16
  2.129497392933E+03  1.206358067453E-16
  2.239076226042E+03  1.206358067453E-16
  2.354305434561E+03  1.206358067453E-16
  2.475476377151E+03  1.206358067453E-16
  2.602895436233E+03  1.206358067453E-16
  2.736884792677E+03  1.206358067453E-16
  2.877783240441E+03  1.206358067453E-16
  3.025947043218E+03  1.206358067453E-16
  3.181750835252E+03  1.206358067453E-16
  3.345588568607E+03  1.206358067453E-16
  3.517874509278E+03  1.206358067453E-16
  3.699044284673E+03  1.206358067453E-16
  3.889555985097E+03  1.206358067453E-16
  4.089891322046E+03  1.206358067453E-16
  4.300556846216E+03  1.206358067453E-16
  4.522085228326E+03  1.206358067453E-16
  4.755036605984E+03  1.206358067453E-16
  5.000000000000E+03  1.206358067453E-16
