  7.400000000000E-02  0.000000000000E+00
  7.475000000000E-02  0.000000000000E+00
  7.550000000000E-02  0.000000000000E+00
  7.625000000000E-02  0.000000000000E+00
  7.700000000000E-02  0.000000000000E+00
  7.775000000000E-02  0.000000000000E+00
  7.850000000000E-02  0.000000000000E+00
  7.925000000000E-02  0.000000000000E+00
  8.000000000000E-02  0.000000000000E+00
  8.075000000000E-02  0.000000000000E+00
  8.155057911714E-02  0.000000000000E+00
  8.240514834755E-02  0.000000000000E+00
  8.331734872090E-02  0.000000000000E+00
  8.429106681365E-02  0.000000000000E+00
  8.533045130836E-02  0.000000000000E+00
  8.643993066989E-02  0.000000000000E+00
  8.762423201355E-02  0.000000000000E+00
  8.888840124573E-02  0.000000000000E+00
  9.023782456282E-02  0.000000000000E+00
  9.167825139995E-02  0.000000000000E+00
  9.321581892739E-02  0.000000000000E+00
  9.485707819895E-02  0.000000000000E+00
  9.660902206378E-02  0.000000000000E+00
  9.847911496056E-02  0.000000000000E+00
  1.004753247209E-01  0.000000000000E+00
  1.026061565177E-01  0.000000000000E+00
  1.048806891026E-01  0.000000000000E+00
  1.073086134876E-01  0.000000000000E+00
  1.099002742350E-01  0.000000000000E+00
  1.126667135325E-01  0.000000000000E+00
  1.156197182397E-01  0.000000000000E+00
  1.187718701083E-01  0.000000000000E+00
  1.221365993884E-01  0.000000000000E+00
  1.257282420503E-01  0.000000000000E+00
  1.295621008655E-01  0.000000000000E+00
  1.336545106062E-01  0.000000000000E+00
  1.380229076425E-01  0.000000000000E+00
  1.426859042326E-01  0.000000000000E+00
  1.476633678238E-01  0.000000000000E+00
  1.529765057003E-01  0.000000000000E+00
  1.586479553410E-01  4.638219259774E+00
  1.647018808693E-01  4.392448232613E+00
  1.711640760088E-01  4.150726083355E+00
  1.780620739817E-01  3.913738122823E+00
  1.854252648179E-01  3.682141155926E+00
  1.932850205766E-01  3.456554104169E+00
  2.016748290116E-01  3.237549481613E+00
  2.106304362515E-01  3.025645898630E+00
  2.201899991016E-01  2.821301751115E+00
  2.303942476173E-01  2.624910223892E+00
  2.412866586410E-01  2.436795698925E+00
  2.529136410423E-01  2.257211614686E+00
  2.653247334501E-01  2.086339775881E+00
  2.785728153202E-01  1.924291065906E+00
  2.927143322368E-01  1.771107470623E+00
  3.078095364076E-01  1.626765284037E+00
  3.239227433785E-01  1.491179335826E+00
  3.411226060600E-01  1.364208058862E+00
  3.594824072340E-01  1.245659202257E+00
  3.790803717871E-01  1.135295991988E+00
  4.000000000000E-01  1.070651672483E+00
  4.287500000000E-01  9.465817051871E-01
  4.575000000000E-01  8.428448210161E-01
  4.862500000000E-01  7.552482944493E-01
  5.150000000000E-01  6.806196113884E-01
  5.437500000000E-01  6.165273640149E-01
  5.725000000000E-01  5.610826310066E-01
  6.012500000000E-01  5.128003997894E-01
  6.300000000000E-01  4.705004351008E-01
  6.587500000000E-01  4.332353643465E-01
  6.875000000000E-01  4.002377676973E-01
  7.162500000000E-01  3.708807550087E-01
  7.450000000000E-01  3.446482440112E-01
  7.737500000000E-01  3.211123084767E-01
  8.025000000000E-01  2.999157403142E-01
  8.312500000000E-01  2.807584996379E-01
  8.600000000000E-01  2.633870945482E-01
  8.887500000000E-01  2.475861895836E-01
  9.175000000000E-01  2.331719248127E-01
  9.462500000000E-01  2.199865589851E-01
  9.750000000000E-01  2.078941454083E-01
  1.003750000000E+00  1.967770194874E-01
  1.032500000000E+00  1.865329287778E-01
  1.061250000000E+00  1.770726745852E-01
  1.090000000000E+00  1.683181635657E-01
  1.118750000000E+00  1.602007902663E-01
  1.147500000000E+00  1.526600877015E-01
  1.176250000000E+00  1.456425962383E-01
  1.205000000000E+00  1.391009117507E-01
  1.233750000000E+00  1.329928812597E-01
  1.262500000000E+00  1.272809202996E-01
  1.291250000000E+00  1.219314315090E-01
  1.320000000000E+00  1.169143077805E-01
  1.348750000000E+00  1.122025061463E-01
  1.377500000000E+00  1.077716810769E-01
  1.406250000000E+00  1.035998679652E-01
  1.435000000000E+00  9.966720910572E-02
  1.463750000000E+00  9.595571573572E-02
  1.492500000000E+00  9.244906082698E-02
  1.521250000000E+00  8.913239819554E-02
  1.550000000000E+00  8.599220417249E-02
  1.578750000000E+00  8.301613869738E-02
  1.607500000000E+00  8.019292314535E-02
  1.636250000000E+00  7.751223257590E-02
  1.665000000000E+00  7.496460052027E-02
  1.693750000000E+00  7.254133469530E-02
  1.722500000000E+00  7.023444221644E-02
  1.751250000000E+00  6.803656310526E-02
  1.780000000000E+00  6.594091106140E-02
  1.808750000000E+00  6.394122061180E-02
  1.837500000000E+00  6.203169984934E-02
  1.866250000000E+00  6.020698808445E-02
  1.895000000000E+00  5.846211785229E-02
  1.923750000000E+00  5.679248077674E-02
  1.952500000000E+00  5.519379684304E-02
  1.981250000000E+00  5.366208669532E-02
  2.010000000000E+00  5.219364662359E-02
  2.038750000000E+00  5.078502594575E-02
  2.067500000000E+00  4.943300652614E-02
  2.096250000000E+00  4.813458420463E-02
  2.125000000000E+00  4.688695193467E-02
  2.153750000000E+00  4.568748444918E-02
  2.182500000000E+00  4.453372429918E-02
  2.211250000000E+00  4.342336912976E-02
  2.240000000000E+00  4.235426006870E-02
  2.268750000000E+00  4.132437111714E-02
  2.297500000000E+00  4.033179944473E-02
  2.326250000000E+00  3.937475650215E-02
  2.355000000000E+00  3.845155987319E-02
  2.383750000000E+00  3.756062579710E-02
  2.412500000000E+00  3.670046229861E-02
  2.441250000000E+00  3.586966287012E-02
  2.470000000000E+00  3.506690065570E-02
  2.498750000000E+00  3.429092309197E-02
  2.527500000000E+00  3.354054696516E-02
  2.556250000000E+00  3.281465384804E-02
  2.585000000000E+00  3.211218588340E-02
  2.613750000000E+00  3.143214188442E-02
  2.642500000000E+00  3.077357372457E-02
  2.671250000000E+00  3.013558299348E-02
  2.700000000000E+00  2.951731789704E-02
  2.728750000000E+00  2.891797038067E-02
  2.757500000000E+00  2.833677345756E-02
  2.786250000000E+00  2.777299872538E-02
  2.815000000000E+00  2.722595405672E-02
  2.843750000000E+00  2.669498144921E-02
  2.872500000000E+00  2.617945502304E-02
  2.901250000000E+00  2.567877915438E-02
  2.930000000000E+00  2.519238673411E-02
  2.958750000000E+00  2.471973754265E-02
  2.987500000000E+00  2.426031673173E-02
  3.016250000000E+00  2.381363340548E-02
  3.045000000000E+00  2.337921929328E-02
  3.073750000000E+00  2.295662750765E-02
  3.102500000000E+00  2.254543138113E-02
  3.131250000000E+00  2.214522337633E-02
  3.160000000000E+00  2.175561406398E-02
  3.188750000000E+00  2.137623116422E-02
  3.217500000000E+00  2.100671864660E-02
  3.246250000000E+00  2.064673588479E-02
  3.275000000000E+00  2.029595686220E-02
  3.303750000000E+00  1.995406942503E-02
  3.332500000000E+00  1.962077457954E-02
  3.361250000000E+00  1.929578583060E-02
  3.390000000000E+00  1.897882855874E-02
  3.418750000000E+00  1.866963943313E-02
  3.447500000000E+00  1.836796585825E-02
  3.476250000000E+00  1.807356545188E-02
  3.505000000000E+00  1.778620555261E-02
  3.533750000000E+00  1.750566275478E-02
  3.562500000000E+00  1.723172246926E-02
  3.591250000000E+00  1.696417850835E-02
  3.620000000000E+00  1.670283269333E-02
  3.648750000000E+00  1.644749448332E-02
  3.677500000000E+00  1.619798062397E-02
  3.706250000000E+00  1.595411481498E-02
  3.735000000000E+00  1.571572739515E-02
  3.763750000000E+00  1.548265504402E-02
  3.792500000000E+00  1.525474049896E-02
  3.821250000000E+00  1.503183228703E-02
  3.850000000000E+00  1.481378447049E-02
  3.878750000000E+00  1.460045640536E-02
  3.907500000000E+00  1.439171251211E-02
  3.936250000000E+00  1.418742205798E-02
  3.965000000000E+00  1.398745895008E-02
  3.993750000000E+00  1.379170153869E-02
  4.022500000000E+00  1.360003243032E-02
  4.051250000000E+00  1.341233830977E-02
  4.080000000000E+00  1.322850977103E-02
  4.108750000000E+00  1.304844115624E-02
  4.137500000000E+00  1.287203040231E-02
  4.166250000000E+00  1.269917889485E-02
  4.195000000000E+00  1.252979132894E-02
  4.223750000000E+00  1.236377557644E-02
  4.252500000000E+00  1.220104255953E-02
  4.281250000000E+00  1.204150613001E-02
  4.310000000000E+00  1.188508295419E-02
  4.338750000000E+00  1.173169240301E-02
  4.367500000000E+00  1.158125644719E-02
  4.396250000000E+00  1.143369955702E-02
  4.425000000000E+00  1.128894860670E-02
  4.453750000000E+00  1.114693278290E-02
  4.482500000000E+00  1.100758349736E-02
  4.511250000000E+00  1.087083430334E-02
  4.540000000000E+00  1.073662081573E-02
  4.568750000000E+00  1.060488063465E-02
  4.597500000000E+00  1.047555327225E-02
  4.626250000000E+00  1.034858008259E-02
  4.655000000000E+00  1.022390419467E-02
  4.683750000000E+00  1.010147044815E-02
  4.712500000000E+00  9.981225331885E-03
  4.741250000000E+00  9.863116924961E-03
  4.770000000000E+00  9.747094840215E-03
  4.798750000000E+00  9.633110170064E-03
  4.827500000000E+00  9.521115434608E-03
  4.856250000000E+00  9.411064531857E-03
  4.885000000000E+00  9.302912689898E-03
  4.913750000000E+00  9.196616420924E-03
  4.942500000000E+00  9.092133477143E-03
  4.971250000000E+00  8.989422808675E-03
  5.000000000000E+00  8.888444522148E-03
  5.030232478763E+00  8.784085493382E-03
  5.062023879535E+00  8.676317330177E-03
  5.095454587316E+00  8.565119563594E-03
  5.130609132117E+00  8.450480355577E-03
  5.167576402695E+00  8.332397210998E-03
  5.206449871311E+00  8.210877686466E-03
  5.247327830073E+00  8.085940088495E-03
  5.290313639469E+00  7.957614152549E-03
  5.335515989720E+00  7.825941693871E-03
  5.383049175599E+00  7.690977220392E-03
  5.433033385431E+00  7.552788497513E-03
  5.485595004987E+00  7.411457053803E-03
  5.540866937056E+00  7.267078616544E-03
  5.598988937492E+00  7.119763465958E-03
  5.660107968582E+00  6.969636696803E-03
  5.724378570651E+00  6.816838376481E-03
  5.791963252814E+00  6.661523588252E-03
  5.863032903882E+00  6.503862347804E-03
  5.937767224461E+00  6.344039382433E-03
  6.016355181325E+00  6.182253768916E-03
  6.098995485218E+00  6.018718428038E-03
  6.185897093304E+00  5.853659462602E-03
  6.277279737511E+00  5.687315335573E-03
  6.373374480132E+00  5.519935894674E-03
  6.474424298065E+00  5.351781248355E-03
  6.580684697186E+00  5.183120497679E-03
  6.692424358397E+00  5.014230330850E-03
  6.809925816991E+00  4.845393491243E-03
  6.933486177048E+00  4.676897132841E-03
  7.063417862663E+00  4.509031079597E-03
  7.200049407918E+00  4.342086007739E-03
  7.343726287582E+00  4.176351572191E-03
  7.494811790651E+00  4.012114500116E-03
  7.653687938929E+00  3.849656676001E-03
  7.820756452977E+00  3.689253243593E-03
  7.996439767863E+00  3.531170750425E-03
  8.181182101303E+00  3.375665360470E-03
  8.375450576866E+00  3.222981159732E-03
  8.579736405106E+00  3.073348578289E-03
  8.794556125590E+00  2.926982950428E-03
  9.020452912983E+00  2.784083232177E-03
  9.257997950464E+00  2.644830892740E-03
  9.507791873978E+00  2.509388993200E-03
  9.770466290947E+00  2.377901462382E-03
  1.004668537730E+01  2.250492576197E-03
  1.033714755686E+01  2.127266643052E-03
  1.064258726730E+01  2.008307894249E-03
  1.096377681720E+01  1.893680574739E-03
  1.130152833880E+01  1.783429226244E-03
  1.165669584156E+01  1.677579151715E-03
  1.203017737146E+01  1.576137047429E-03
  1.242291728176E+01  1.479091786724E-03
  1.283590862082E+01  1.386415337622E-03
  1.327019564299E+01  1.298063795218E-03
  1.372687644909E+01  1.213978508922E-03
  1.420710576289E+01  1.134087284255E-03
  1.471209785093E+01  1.058305639000E-03
  1.524312959276E+01  9.865380940311E-04
  1.580154370954E+01  9.186794800089E-04
  1.638875215916E+01  8.546162423346E-04
  1.700623970640E+01  7.942277282039E-04
  1.765556767714E+01  7.373874412581E-04
  1.833837790621E+01  6.839642511162E-04
  1.905639688881E+01  6.338235469447E-04
  1.981144014598E+01  5.868283261162E-04
  2.060541681511E+01  5.428402108891E-04
  2.144033447731E+01  5.017203878484E-04
  2.231830423355E+01  4.633304665655E-04
  2.324154604261E+01  4.275332555243E-04
  2.421239433430E+01  3.941934547992E-04
  2.523330391207E+01  3.631782662550E-04
  2.630685616005E+01  3.343579231469E-04
  2.743576557009E+01  3.076061419414E-04
  2.862288660539E+01  2.828004999491E-04
  2.987122091806E+01  2.598227429693E-04
  3.118392493885E+01  2.385590276047E-04
  3.256431785820E+01  2.189001032168E-04
  3.401589001888E+01  2.007414386856E-04
  3.554231174136E+01  1.839832992119E-04
  3.714744260428E+01  1.685307783803E-04
  3.883534120345E+01  1.542937905992E-04
  4.061027541403E+01  1.411870288651E-04
  4.247673318196E+01  1.291298925722E-04
  4.443943387176E+01  1.180463898260E-04
  4.650334019954E+01  1.078650184229E-04
  4.867367078126E+01  9.851862934442E-05
  5.095591332810E+01  8.994427628877E-05
  5.335583852220E+01  8.208305443441E-05
  5.587951460793E+01  7.487993130587E-05
  5.853332273550E+01  6.828357229466E-05
  6.132397309582E+01  6.224616308422E-05
  6.425852188729E+01  5.672323093952E-05
  6.734438915749E+01  5.167346655107E-05
  7.058937756492E+01  4.705854787165E-05
  7.400169210806E+01  4.284296715304E-05
  7.758996087189E+01  3.899386217934E-05
  8.136325684406E+01  3.548085250301E-05
  8.533112085614E+01  3.227588131937E-05
  8.950358570767E+01  2.935306346393E-05
  9.389120153429E+01  2.668853988364E-05
  9.850506248387E+01  2.426033881680E-05
  1.033568347683E+02  2.204824381620E-05
  1.084587861614E+02  2.003366866366E-05
  1.138238170187E+02  1.819953915204E-05
  1.194654928954E+02  1.653018164955E-05
  1.253980788479E+02  1.501121831169E-05
  1.316365755026E+02  1.362946876559E-05
  1.381967569854E+02  1.237285805973E-05
  1.450952108067E+02  1.123033064745E-05
  1.523493798033E+02  1.019177015492E-05
  1.599776062428E+02  9.247924671536E-06
  1.679991782024E+02  8.390337293247E-06
  1.764343783386E+02  7.611281645656E-06
  1.853045351728E+02  6.903702113446E-06
  1.946320770205E+02  6.261158505345E-06
  2.044405887014E+02  5.677774888631E-06
  2.147548711742E+02  5.148192333891E-06
  2.256010042462E+02  4.667525318854E-06
  2.370064125163E+02  4.231321549378E-06
  2.489999347185E+02  3.835524965636E-06
  2.616118966413E+02  3.476441712193E-06
  2.748741878063E+02  3.150708861508E-06
  2.888203421021E+02  2.855265691550E-06
  3.034856225744E+02  2.587327329241E-06
  3.189071105897E+02  2.344360582486E-06
  3.351237995957E+02  2.124061794290E-06
  3.521766937171E+02  1.924336563004E-06
  3.701089114347E+02  1.743281182877E-06
  3.889657946114E+02  1.579165668885E-06
  4.087950231396E+02  1.430418239179E-06
  4.296467355004E+02  1.295611137384E-06
  4.515736555398E+02  1.173447685491E-06
  4.746312257811E+02  1.062750466054E-06
  4.988777476127E+02  9.624505400063E-07
  5.243745287036E+02  8.715776134644E-07
  5.511860380208E+02  7.892510735892E-07
  5.793800688399E+02  7.146718197864E-07
  6.090279101614E+02  6.471148223529E-07
  6.402045269662E+02  5.859223460991E-07
  6.729887497651E+02  5.304977815151E-07
  7.074634739232E+02  4.803000307332E-07
  7.437158692619E+02  4.348383998766E-07
  7.818376004689E+02  3.936679534002E-07
  8.219250588739E+02  3.563852897438E-07
  8.640796061752E+02  3.226247010427E-07
  9.084078307342E+02  2.920546828056E-07
  9.550218170857E+02  2.643747623746E-07
  1.004039429345E+03  2.393126176682E-07
  1.055584609229E+03  2.166214601654E-07
  1.109787689444E+03  1.960776583546E-07
  1.166785723237E+03  1.774785799434E-07
  1.226722830931E+03  1.606406330346E-07
  1.289750564339E+03  1.453974882109E-07
  1.356028289967E+03  1.315984650752E-07
  1.425723591968E+03  1.191070682493E-07
  1.499012695886E+03  1.077996591758E-07
  1.576080914245E+03  9.756425128553E-08
  1.657123115109E+03  8.829941721102E-08
  1.742344214817E+03  7.991329774750E-08
  1.831959696108E+03  7.232270318929E-08
  1.926196152978E+03  6.545229852103E-08
  2.025291863623E+03  5.923386471567E-08
  2.129497392933E+03  5.360562909639E-08
  2.239076226042E+03  4.851165836235E-08
  2.354305434561E+03  4.390130846313E-08
  2.475476377151E+03  3.972872603954E-08
  2.602895436233E+03  3.595239663338E-08
  2.736884792677E+03  3.253473530963E-08
  2.877783240441E+03  2.944171573598E-08
  3.025947043218E+03  2.664253413040E-08
  3.181750835252E+03  2.410930482376E-08
  3.345588568607E+03  2.181678450672E-08
  3.517874509278E+03  1.974212257874E-08
  3.699044284673E+03  1.786463552350E-08
  3.889555985097E+03  1.616560425081E-08
  4.089891322046E+03  1.462809617006E-08
  4.300556846216E+03  1.323682007044E-08
  4.522085228326E+03  1.197805265128E-08
  4.755036605984E+03  1.083963299992E-08
  5.000000000000E+03  9.811580370508E-09
