  7.400000000000E-02  0.000000000000E+00
  7.475000000000E-02  0.000000000000E+00
  7.550000000000E-02  0.000000000000E+00
  7.625000000000E-02  0.000000000000E+00
  7.700000000000E-02  0.000000000000E+00
  7.775000000000E-02  0.000000000000E+00
  7.850000000000E-02  0.000000000000E+00
  7.925000000000E-02  0.000000000000E+00
  8.000000000000E-02  0.000000000000E+00
  8.075000000000E-02  0.000000000000E+00
  8.155057911714E-02  0.000000000000E+00
  8.240514834755E-02  0.000000000000E+00
  8.331734872090E-02  0.000000000000E+00
  8.429106681365E-02  0.000000000000E+00
  8.533045130836E-02  0.000000000000E+00
  8.643993066989E-02  0.000000000000E+00
  8.762423201355E-02  0.000000000000E+00
  8.888840124573E-02  0.000000000000E+00
  9.023782456282E-02  0.000000000000E+00
  9.167825139995E-02  0.000000000000E+00
  9.321581892739E-02  0.000000000000E+00
  9.485707819895E-02  0.000000000000E+00
  9.660902206378E-02  0.000000000000E+00
  9.847911496056E-02  0.000000000000E+00
  1.004753247209E-01  0.000000000000E+00
  1.026061565177E-01  0.000000000000E+00
  1.048806891026E-01  0.000000000000E+00
  1.073086134876E-01  0.000000000000E+00
  1.099002742350E-01  0.000000000000E+00
  1.126667135325E-01  0.000000000000E+00
  1.156197182397E-01  0.000000000000E+00
  1.187718701083E-01  0.000000000000E+00
  1.221365993884E-01  0.000000000000E+00
  1.257282420503E-01  0.000000000000E+00
  1.295621008655E-01  0.000000000000E+00
  1.336545106062E-01  0.000000000000E+00
  1.380229076425E-01  0.000000000000E+00
  1.426859042326E-01  0.000000000000E+00
  1.476633678238E-01  0.000000000000E+00
  1.529765057003E-01  0.000000000000E+00
  1.586479553410E-01  0.000000000000E+00
  1.647018808693E-01  0.000000000000E+00
  1.711640760088E-01  0.000000000000E+00
  1.780620739817E-01  0.000000000000E+00
  1.854252648179E-01  0.000000000000E+00
  1.932850205766E-01  0.000000000000E+00
  2.016748290116E-01  0.000000000000E+00
  2.106304362515E-01  0.000000000000E+00
  2.201899991016E-01  0.000000000000E+00
  2.303942476173E-01  0.000000000000E+00
  2.412866586410E-01  0.000000000000E+00
  2.529136410423E-01  0.000000000000E+00
  2.653247334501E-01  0.000000000000E+00
  2.785728153202E-01  0.000000000000E+00
  2.927143322368E-01  0.000000000000E+00
  3.078095364076E-01  0.000000000000E+00
  3.239227433785E-01  0.000000000000E+00
  3.411226060600E-01  0.000000000000E+00
  3.594824072340E-01  0.000000000000E+00
  3.790803717871E-01  0.000000000000E+00
  4.000000000000E-01  2.156524474073E-01
  4.287500000000E-01  2.157858595207E-01
  4.575000000000E-01  2.159116962372E-01
  4.862500000000E-01  2.160307558333E-01
  5.150000000000E-01  2.161437230839E-01
  5.437500000000E-01  2.162511839281E-01
  5.725000000000E-01  2.163536445935E-01
  6.012500000000E-01  2.164515452328E-01
  6.300000000000E-01  2.165452708878E-01
  6.587500000000E-01  2.166351602601E-01
  6.875000000000E-01  2.167215128157E-01
  7.162500000000E-01  2.168045945809E-01
  7.450000000000E-01  2.168846429091E-01
  7.737500000000E-01  2.169618704320E-01
  8.025000000000E-01  2.170364683534E-01
  8.312500000000E-01  2.171086092167E-01
  8.600000000000E-01  2.171784492401E-01
  8.887500000000E-01  2.172461303018E-01
  9.175000000000E-01  2.173117816323E-01
  9.462500000000E-01  2.173755212660E-01
  9.750000000000E-01  2.174374572917E-01
  1.003750000000E+00  2.174976889340E-01
  1.032500000000E+00  2.175563074917E-01
  1.061250000000E+00  2.176133971565E-01
  1.090000000000E+00  2.176690357284E-01
  1.118750000000E+00  2.177232952446E-01
  1.147500000000E+00  2.177762425319E-01
  1.176250000000E+00  2.178279396953E-01
  1.205000000000E+00  2.178784445508E-01
  1.233750000000E+00  2.179278110106E-01
  1.262500000000E+00  2.179760894249E-01
  1.291250000000E+00  2.180233268875E-01
  1.320000000000E+00  2.180695675097E-01
  1.348750000000E+00  2.181148526664E-01
  1.377500000000E+00  2.181592212167E-01
  1.406250000000E+00  2.182027097037E-01
  1.435000000000E+00  2.182453525337E-01
  1.463750000000E+00  2.182871821390E-01
  1.492500000000E+00  2.183282291258E-01
  1.521250000000E+00  2.183685224081E-01
  1.550000000000E+00  2.184080893302E-01
  1.578750000000E+00  2.184469557777E-01
  1.607500000000E+00  2.184851462791E-01
  1.636250000000E+00  2.185226840989E-01
  1.665000000000E+00  2.185595913224E-01
  1.693750000000E+00  2.185958889340E-01
  1.722500000000E+00  2.186315968891E-01
  1.751250000000E+00  2.186667341799E-01
  1.780000000000E+00  2.187013188964E-01
  1.808750000000E+00  2.187353682822E-01
  1.837500000000E+00  2.187688987868E-01
  1.866250000000E+00  2.188019261129E-01
  1.895000000000E+00  2.188344652613E-01
  1.923750000000E+00  2.188665305720E-01
  1.952500000000E+00  2.188981357618E-01
  1.981250000000E+00  2.189292939607E-01
  2.010000000000E+00  2.189600177439E-01
  2.038750000000E+00  2.189903191632E-01
  2.067500000000E+00  2.190202097753E-01
  2.096250000000E+00  2.190497006686E-01
  2.125000000000E+00  2.190788024878E-01
  2.153750000000E+00  2.191075254577E-01
  2.182500000000E+00  2.191358794047E-01
  2.211250000000E+00  2.191638737770E-01
  2.240000000000E+00  2.191915176640E-01
  2.268750000000E+00  2.192188198142E-01
  2.297500000000E+00  2.192457886517E-01
  2.326250000000E+00  2.192724322924E-01
  2.355000000000E+00  2.192987585587E-01
  2.383750000000E+00  2.193247749932E-01
  2.412500000000E+00  2.193504888721E-01
  2.441250000000E+00  2.193759072177E-01
  2.470000000000E+00  2.194010368097E-01
  2.498750000000E+00  2.194258841966E-01
  2.527500000000E+00  2.194504557058E-01
  2.556250000000E+00  2.194747574536E-01
  2.585000000000E+00  2.194987953543E-01
  2.613750000000E+00  2.195225751293E-01
  2.642500000000E+00  2.195461023151E-01
  2.671250000000E+00  2.195693822711E-01
  2.700000000000E+00  2.195924201875E-01
  2.728750000000E+00  2.196152210918E-01
  2.757500000000E+00  2.196377898561E-01
  2.786250000000E+00  2.196601312028E-01
  2.815000000000E+00  2.196822497112E-01
  2.843750000000E+00  2.197041498229E-01
  2.872500000000E+00  2.197258358475E-01
  2.901250000000E+00  2.197473119675E-01
  2.930000000000E+00  2.197685822434E-01
  2.958750000000E+00  2.197896506186E-01
  2.987500000000E+00  2.198105209234E-01
  3.016250000000E+00  2.198311968797E-01
  3.045000000000E+00  2.198516821047E-01
  3.073750000000E+00  2.198719801153E-01
  3.102500000000E+00  2.198920943313E-01
  3.131250000000E+00  2.199120280789E-01
  3.160000000000E+00  2.199317845946E-01
  3.188750000000E+00  2.199513670278E-01
  3.217500000000E+00  2.199707784445E-01
  3.246250000000E+00  2.199900218297E-01
  3.275000000000E+00  2.200091000904E-01
  3.303750000000E+00  2.200280160585E-01
  3.332500000000E+00  2.200467724931E-01
  3.361250000000E+00  2.200653720830E-01
  3.390000000000E+00  2.200838174493E-01
  3.418750000000E+00  2.201021111474E-01
  3.447500000000E+00  2.201202556694E-01
  3.476250000000E+00  2.201382534460E-01
  3.505000000000E+00  2.201561068484E-01
  3.533750000000E+00  2.201738181908E-01
  3.562500000000E+00  2.201913897315E-01
  3.591250000000E+00  2.202088236751E-01
  3.620000000000E+00  2.202261221741E-01
  3.648750000000E+00  2.202432873306E-01
  3.677500000000E+00  2.202603211978E-01
  3.706250000000E+00  2.202772257814E-01
  3.735000000000E+00  2.202940030413E-01
  3.763750000000E+00  2.203106548929E-01
  3.792500000000E+00  2.203271832084E-01
  3.821250000000E+00  2.203435898178E-01
  3.850000000000E+00  2.203598765110E-01
  3.878750000000E+00  2.203760450380E-01
  3.907500000000E+00  2.203920971108E-01
  3.936250000000E+00  2.204080344040E-01
  3.965000000000E+00  2.204238585563E-01
  3.993750000000E+00  2.204395711712E-01
  4.022500000000E+00  2.204551738182E-01
  4.051250000000E+00  2.204706680337E-01
  4.080000000000E+00  2.204860553217E-01
  4.108750000000E+00  2.205013371553E-01
  4.137500000000E+00  2.205165149768E-01
  4.166250000000E+00  2.205315901992E-01
  4.195000000000E+00  2.205465642066E-01
  4.223750000000E+00  2.205614383550E-01
  4.252500000000E+00  2.205762139733E-01
  4.281250000000E+00  2.205908923639E-01
  4.310000000000E+00  2.206054748032E-01
  4.338750000000E+00  2.206199625427E-01
  4.367500000000E+00  2.206343568094E-01
  4.396250000000E+00  2.206486588064E-01
  4.425000000000E+00  2.206628697138E-01
  4.453750000000E+00  2.206769906889E-01
  4.482500000000E+00  2.206910228672E-01
  4.511250000000E+00  2.207049673627E-01
  4.540000000000E+00  2.207188252685E-01
  4.568750000000E+00  2.207325976572E-01
  4.597500000000E+00  2.207462855816E-01
  4.626250000000E+00  2.207598900752E-01
  4.655000000000E+00  2.207734121522E-01
  4.683750000000E+00  2.207868528089E-01
  4.712500000000E+00  2.208002130233E-01
  4.741250000000E+00  2.208134937560E-01
  4.770000000000E+00  2.208266959503E-01
  4.798750000000E+00  2.208398205330E-01
  4.827500000000E+00  2.208528684145E-01
  4.856250000000E+00  2.208658404894E-01
  4.885000000000E+00  2.208787376366E-01
  4.913750000000E+00  2.208915607198E-01
  4.942500000000E+00  2.209043105880E-01
  4.971250000000E+00  2.209169880755E-01
  5.000000000000E+00  2.209295940027E-01
  5.030232478763E+00  2.209427736420E-01
  5.062023879535E+00  2.209565494989E-01
  5.095454587316E+00  2.209709446315E-01
  5.130609132117E+00  2.209859826337E-01
  5.167576402695E+00  2.210016876154E-01
  5.206449871311E+00  2.210180841786E-01
  5.247327830073E+00  2.210351973899E-01
  5.290313639469E+00  2.210530527497E-01
  5.335515989720E+00  2.210716761569E-01
  5.383049175599E+00  2.210910938696E-01
  5.433033385431E+00  2.211113324619E-01
  5.485595004987E+00  2.211324187765E-01
  5.540866937056E+00  2.211543798722E-01
  5.598988937492E+00  2.211772429684E-01
  5.660107968582E+00  2.212010353845E-01
  5.724378570651E+00  2.212257844754E-01
  5.791963252814E+00  2.212515175631E-01
  5.863032903882E+00  2.212782618643E-01
  5.937767224461E+00  2.213060444144E-01
  6.016355181325E+00  2.213348919887E-01
  6.098995485218E+00  2.213648310196E-01
  6.185897093304E+00  2.213958875123E-01
  6.277279737511E+00  2.214280869580E-01
  6.373374480132E+00  2.214614542447E-01
  6.474424298065E+00  2.214960135685E-01
  6.580684697186E+00  2.215317883427E-01
  6.692424358397E+00  2.215688011082E-01
  6.809925816991E+00  2.216070734444E-01
  6.933486177048E+00  2.216466258813E-01
  7.063417862663E+00  2.216874778140E-01
  7.200049407918E+00  2.217296474206E-01
  7.343726287582E+00  2.217731515825E-01
  7.494811790651E+00  2.218180058105E-01
  7.653687938929E+00  2.218642241754E-01
  7.820756452977E+00  2.219118192435E-01
  7.996439767863E+00  2.219608020198E-01
  8.181182101303E+00  2.220111818975E-01
  8.375450576866E+00  2.220629666143E-01
  8.579736405106E+00  2.221161622178E-01
  8.794556125590E+00  2.221707730381E-01
  9.020452912983E+00  2.222268016693E-01
  9.257997950464E+00  2.222842489597E-01
  9.507791873978E+00  2.223431140106E-01
  9.770466290947E+00  2.224033941843E-01
  1.004668537730E+01  2.224650851199E-01
  1.033714755686E+01  2.225281807588E-01
  1.064258726730E+01  2.225926733776E-01
  1.096377681720E+01  2.226585536288E-01
  1.130152833880E+01  2.227258105899E-01
  1.165669584156E+01  2.227944318182E-01
  1.203017737146E+01  2.228644034132E-01
  1.242291728176E+01  2.229357100835E-01
  1.283590862082E+01  2.230083352201E-01
  1.327019564299E+01  2.230822609732E-01
  1.372687644909E+01  2.231574683333E-01
  1.420710576289E+01  2.232339372147E-01
  1.471209785093E+01  2.233116465420E-01
  1.524312959276E+01  2.233905743379E-01
  1.580154370954E+01  2.234706978114E-01
  1.638875215916E+01  2.235519934475E-01
  1.700623970640E+01  2.236344370947E-01
  1.765556767714E+01  2.237180040537E-01
  1.833837790621E+01  2.238026691623E-01
  1.905639688881E+01  2.238884068805E-01
  1.981144014598E+01  2.239751913711E-01
  2.060541681511E+01  2.240629965792E-01
  2.144033447731E+01  2.241517963073E-01
  2.231830423355E+01  2.242415642874E-01
  2.324154604261E+01  2.243322742496E-01
  2.421239433430E+01  2.244238999863E-01
  2.523330391207E+01  2.245164154127E-01
  2.630685616005E+01  2.246097946233E-01
  2.743576557009E+01  2.247040119437E-01
  2.862288660539E+01  2.247990419790E-01
  2.987122091806E+01  2.248948596574E-01
  3.118392493885E+01  2.249914402698E-01
  3.256431785820E+01  2.250887595060E-01
  3.401589001888E+01  2.251867934861E-01
  3.554231174136E+01  2.252855187886E-01
  3.714744260428E+01  2.253849124753E-01
  3.883534120345E+01  2.254849521120E-01
  4.061027541403E+01  2.255856157860E-01
  4.247673318196E+01  2.256868821213E-01
  4.443943387176E+01  2.257887302897E-01
  4.650334019954E+01  2.258911400204E-01
  4.867367078126E+01  2.259940916058E-01
  5.095591332810E+01  2.260975659060E-01
  5.335583852220E+01  2.262015443507E-01
  5.587951460793E+01  2.263060089390E-01
  5.853332273550E+01  2.264109422373E-01
  6.132397309582E+01  2.265163273763E-01
  6.425852188729E+01  2.266221480457E-01
  6.734438915749E+01  2.267283884877E-01
  7.058937756492E+01  2.268350334899E-01
  7.400169210806E+01  2.269420683764E-01
  7.758996087189E+01  2.270494789986E-01
  8.136325684406E+01  2.271572517249E-01
  8.533112085614E+01  2.272653734297E-01
  8.950358570767E+01  2.273738314822E-01
  9.389120153429E+01  2.274826137341E-01
  9.850506248387E+01  2.275917085080E-01
  1.033568347683E+02  2.277011045841E-01
  1.084587861614E+02  2.278107911877E-01
  1.138238170187E+02  2.279207579766E-01
  1.194654928954E+02  2.280309950275E-01
  1.253980788479E+02  2.281414928235E-01
  1.316365755026E+02  2.282522422409E-01
  1.381967569854E+02  2.283632345361E-01
  1.450952108067E+02  2.284744613333E-01
  1.523493798033E+02  2.285859146111E-01
  1.599776062428E+02  2.286975866906E-01
  1.679991782024E+02  2.288094702228E-01
  1.764343783386E+02  2.289215581768E-01
  1.853045351728E+02  2.290338438277E-01
  1.946320770205E+02  2.291463207451E-01
  2.044405887014E+02  2.292589827819E-01
  2.147548711742E+02  2.293718240633E-01
  2.256010042462E+02  2.294848389759E-01
  2.370064125163E+02  2.295980221577E-01
  2.489999347185E+02  2.297113684874E-01
  2.616118966413E+02  2.298248730751E-01
  2.748741878063E+02  2.299385312525E-01
  2.888203421021E+02  2.300523385640E-01
  3.034856225744E+02  2.301662907574E-01
  3.189071105897E+02  2.302803837756E-01
  3.351237995957E+02  2.303946137484E-01
  3.521766937171E+02  2.305089769843E-01
  3.701089114347E+02  2.306234699628E-01
  3.889657946114E+02  2.307380893272E-01
  4.087950231396E+02  2.308528318771E-01
  4.296467355004E+02  2.309676945619E-01
  4.515736555398E+02  2.310826744742E-01
  4.746312257811E+02  2.311977688429E-01
  4.988777476127E+02  2.313129750280E-01
  5.243745287036E+02  2.314282905140E-01
  5.511860380208E+02  2.315437129046E-01
  5.793800688399E+02  2.316592399175E-01
  6.090279101614E+02  2.317748693788E-01
  6.402045269662E+02  2.318905992186E-01
  6.729887497651E+02  2.320064274657E-01
  7.074634739232E+02  2.321223522436E-01
  7.437158692619E+02  2.322383717659E-01
  7.818376004689E+02  2.323544843321E-01
  8.219250588739E+02  2.324706883238E-01
  8.640796061752E+02  2.325869822008E-01
  9.084078307342E+02  2.327033644975E-01
  9.550218170857E+02  2.328198338197E-01
  1.004039429345E+03  2.329363888405E-01
  1.055584609229E+03  2.330530282983E-01
  1.109787689444E+03  2.331697509926E-01
  1.166785723237E+03  2.332865557821E-01
  1.226722830931E+03  2.334034415812E-01
  1.289750564339E+03  2.335204073579E-01
  1.356028289967E+03  2.336374521310E-01
  1.425723591968E+03  2.337545749679E-01
  1.499012695886E+03  2.338717749820E-01
  1.576080914245E+03  2.339890513309E-01
  1.657123115109E+03  2.341064032141E-01
  1.742344214817E+03  2.342238298711E-01
  1.831959696108E+03  2.343413305797E-01
  1.926196152978E+03  2.344589046537E-01
  2.025291863623E+03  2.345765514417E-01
  2.129497392933E+03  2.346942703253E-01
  2.239076226042E+03  2.348120607175E-01
  2.354305434561E+03  2.349299220614E-01
  2.475476377151E+03  2.350478538286E-01
  2.602895436233E+03  2.351658555179E-01
  2.736884792677E+03  2.352839266545E-01
  2.877783240441E+03  2.354020667885E-01
  3.025947043218E+03  2.355202754940E-01
  3.181750835252E+03  2.356385523686E-01
  3.345588568607E+03  2.357568970304E-01
  3.517874509278E+03  2.358753091070E-01
  3.699044284673E+03  2.359937881857E-01
  3.889555985097E+03  2.361123336145E-01
  4.089891322046E+03  2.362309437488E-01
  4.300556846216E+03  2.363496133916E-01
  4.522085228326E+03  2.364683242379E-01
  4.755036605984E+03  2.365870239581E-01
  5.000000000000E+03  2.367055201514E-01
