  7.400000000000E-02  9.969901383906E-17
  7.475000000000E-02  9.969901383906E-17
  7.550000000000E-02  9.969901383906E-17
  7.625000000000E-02  9.969901383906E-17
  7.700000000000E-02  9.969901383906E-17
  7.775000000000E-02  9.969901383906E-17
  7.850000000000E-02  9.969901383906E-17
  7.925000000000E-02  9.969901383906E-17
  8.000000000000E-02  9.969901383906E-17
  8.075000000000E-02  9.969901383906E-17
  8.155057911714E-02  9.969901383906E-17
  8.240514834755E-02  9.969901383906E-17
  8.331734872090E-02  9.969901383906E-17
  8.429106681365E-02  9.969901383906E-17
  8.533045130836E-02  9.969901383906E-17
  8.643993066989E-02  9.969901383906E-17
  8.762423201355E-02  9.969901383906E-17
  8.888840124573E-02  9.969901383906E-17
  9.023782456282E-02  9.969901383906E-17
  9.167825139995E-02  9.969901383906E-17
  9.321581892739E-02  9.969901383906E-17
  9.485707819895E-02  9.969901383906E-17
  9.660902206378E-02  9.969901383906E-17
  9.847911496056E-02  9.969901383906E-17
  1.004753247209E-01  9.969901383906E-17
  1.026061565177E-01  9.969901383906E-17
  1.048806891026E-01  9.969901383906E-17
  1.073086134876E-01  9.969901383906E-17
  1.099002742350E-01  9.969901383906E-17
  1.126667135325E-01  9.969901383906E-17
  1.156197182397E-01  9.969901383906E-17
  1.187718701083E-01  9.969901383906E-17
  1.221365993884E-01  9.969901383906E-17
  1.257282420503E-01  9.969901383906E-17
  1.295621008655E-01  9.969901383906E-17
  1.336545106062E-01  9.969901383906E-17
  1.380229076425E-01  9.969901383906E-17
  1.426859042326E-01  9.969901383906E-17
  1.476633678238E-01  9.969901383906E-17
  1.529765057003E-01  9.969901383906E-17
  1.586479553410E-01  9.969901383906E-17
  1.647018808693E-01  9.969901383906E-17
  1.711640760088E-01  9.969901383906E-17
  1.780620739817E-01  9.969901383906E-17
  1.854252648179E-01  9.969901383906E-17
  1.932850205766E-01  9.969901383906E-17
  2.016748290116E-01  9.969901383906E-17
  2.106304362515E-01  9.969901383906E-17
  2.201899991016E-01  9.969901383906E-17
  2.303942476173E-01  9.969901383906E-17
  2.412866586410E-01  9.969901383906E-17
  2.529136410423E-01  9.969901383906E-17
  2.653247334501E-01  9.969901383906E-17
  2.785728153202E-01  9.969901383906E-17
  2.927143322368E-01  9.969901383906E-17
  3.078095364076E-01  9.969901383906E-17
  3.239227433785E-01  9.969901383906E-17
  3.411226060600E-01  9.969901383906E-17
  3.594824072340E-01  9.969901383906E-17
  3.790803717871E-01  9.969901383906E-17
  4.000000000000E-01  9.969901383906E-17
  4.287500000000E-01  2.697878555679E-03
  4.575000000000E-01  4.692270593861E-03
  4.862500000000E-01  6.176869523987E-03
  5.150000000000E-01  7.285326305699E-03
  5.437500000000E-01  8.111841817722E-03
  5.725000000000E-01  8.724258783397E-03
  6.012500000000E-01  9.172285353940E-03
  6.300000000000E-01  9.492906726907E-03
  6.587500000000E-01  9.714011628662E-03
  6.875000000000E-01  9.856879823173E-03
  7.162500000000E-01  9.937919543684E-03
  7.450000000000E-01  9.969901383942E-03
  7.737500000000E-01  9.962847900550E-03
  8.025000000000E-01  9.924683605785E-03
  8.312500000000E-01  9.861715808007E-03
  8.600000000000E-01  9.778994372679E-03
  8.887500000000E-01  9.680583652328E-03
  9.175000000000E-01  9.569769999801E-03
  9.462500000000E-01  9.449221462395E-03
  9.750000000000E-01  9.321111750344E-03
  1.003750000000E+00  9.187217093358E-03
  1.032500000000E+00  9.048992442817E-03
  1.061250000000E+00  8.907631925738E-03
  1.090000000000E+00  8.764116969865E-03
  1.118750000000E+00  8.619254793853E-03
  1.147500000000E+00  8.473709487638E-03
  1.176250000000E+00  8.328027179986E-03
  1.205000000000E+00  8.182656442310E-03
  1.233750000000E+00  8.037964944054E-03
  1.262500000000E+00  7.894253122512E-03
  1.291250000000E+00  7.751765426671E-03
  1.320000000000E+00  7.610699588934E-03
  1.348750000000E+00  7.471214310031E-03
  1.377500000000E+00  7.333435644905E-03
  1.406250000000E+00  7.197462308105E-03
  1.435000000000E+00  7.063370099130E-03
  1.463750000000E+00  6.931215611707E-03
  1.492500000000E+00  6.801039344675E-03
  1.521250000000E+00  6.672868325587E-03
  1.550000000000E+00  6.546718328475E-03
  1.578750000000E+00  6.422595728887E-03
  1.607500000000E+00  6.300499060104E-03
  1.636250000000E+00  6.180420336319E-03
  1.665000000000E+00  6.062346175955E-03
  1.693750000000E+00  5.946258753301E-03
  1.722500000000E+00  5.832136605087E-03
  1.751250000000E+00  5.719955314325E-03
  1.780000000000E+00  5.609688092411E-03
  1.808750000000E+00  5.501306277185E-03
  1.837500000000E+00  5.394779752625E-03
  1.866250000000E+00  5.290077297452E-03
  1.895000000000E+00  5.187166881434E-03
  1.923750000000E+00  5.086015919306E-03
  1.952500000000E+00  4.986591485096E-03
  1.981250000000E+00  4.888860492618E-03
  2.010000000000E+00  4.792789847053E-03
  2.038750000000E+00  4.698346571807E-03
  2.067500000000E+00  4.605497914226E-03
  2.096250000000E+00  4.514211433218E-03
  2.125000000000E+00  4.424455071380E-03
  2.153750000000E+00  4.336197213883E-03
  2.182500000000E+00  4.249406736014E-03
  2.211250000000E+00  4.164053041017E-03
  2.240000000000E+00  4.080106089662E-03
  2.268750000000E+00  3.997536422735E-03
  2.297500000000E+00  3.916315177499E-03
  2.326250000000E+00  3.836414099027E-03
  2.355000000000E+00  3.757805547185E-03
  2.383750000000E+00  3.680462500120E-03
  2.412500000000E+00  3.604358554612E-03
  2.441250000000E+00  3.529467923375E-03
  2.470000000000E+00  3.455765430226E-03
  2.498750000000E+00  3.383226503661E-03
  2.527500000000E+00  3.311827168921E-03
  2.556250000000E+00  3.241544038817E-03
  2.585000000000E+00  3.172354303554E-03
  2.613750000000E+00  3.104235719743E-03
  2.642500000000E+00  3.037166598793E-03
  2.671250000000E+00  2.971125794825E-03
  2.700000000000E+00  2.906092692230E-03
  2.728750000000E+00  2.842047192988E-03
  2.757500000000E+00  2.778969703843E-03
  2.786250000000E+00  2.716841123536E-03
  2.815000000000E+00  2.655642830065E-03
  2.843750000000E+00  2.595356667739E-03
  2.872500000000E+00  2.535964934317E-03
  2.901250000000E+00  2.477450368418E-03
  2.930000000000E+00  2.419796137112E-03
  2.958750000000E+00  2.362985823713E-03
  2.987500000000E+00  2.307003415792E-03
  3.016250000000E+00  2.251833293434E-03
  3.045000000000E+00  2.197460217743E-03
  3.073750000000E+00  2.143869319624E-03
  3.102500000000E+00  2.091046088820E-03
  3.131250000000E+00  2.038976363242E-03
  3.160000000000E+00  1.987646318572E-03
  3.188750000000E+00  1.937042458151E-03
  3.217500000000E+00  1.887151603153E-03
  3.246250000000E+00  1.837960883037E-03
  3.275000000000E+00  1.789457726285E-03
  3.303750000000E+00  1.741629851418E-03
  3.332500000000E+00  1.694465258295E-03
  3.361250000000E+00  1.647952220007E-03
  3.390000000000E+00  1.602079275283E-03
  3.418750000000E+00  1.556835220343E-03
  3.447500000000E+00  1.512209100385E-03
  3.476250000000E+00  1.468190201809E-03
  3.505000000000E+00  1.424768045083E-03
  3.533750000000E+00  1.381932377834E-03
  3.562500000000E+00  1.339673168156E-03
  3.591250000000E+00  1.297980598148E-03
  3.620000000000E+00  1.256845057682E-03
  3.648750000000E+00  1.216257138994E-03
  3.677500000000E+00  1.176207630958E-03
  3.706250000000E+00  1.136687512283E-03
  3.735000000000E+00  1.097687945361E-03
  3.763750000000E+00  1.059200270977E-03
  3.792500000000E+00  1.021216003183E-03
  3.821250000000E+00  9.837268244269E-04
  3.850000000000E+00  9.467245807236E-04
  3.878750000000E+00  9.102012766381E-04
  3.907500000000E+00  8.741490703928E-04
  3.936250000000E+00  8.385602693110E-04
  3.965000000000E+00  8.034273252736E-04
  3.993750000000E+00  7.687428302228E-04
  4.022500000000E+00  7.344995122019E-04
  4.051250000000E+00  7.006902316895E-04
  4.080000000000E+00  6.673079773424E-04
  4.108750000000E+00  6.343458617492E-04
  4.137500000000E+00  6.017971183623E-04
  4.166250000000E+00  5.696550985658E-04
  4.195000000000E+00  5.379132679708E-04
  4.223750000000E+00  5.065652033924E-04
  4.252500000000E+00  4.756045904497E-04
  4.281250000000E+00  4.450252207048E-04
  4.310000000000E+00  4.148209888183E-04
  4.338750000000E+00  3.849858899266E-04
  4.367500000000E+00  3.555140165912E-04
  4.396250000000E+00  3.263995555430E-04
  4.425000000000E+00  2.976367840138E-04
  4.453750000000E+00  2.692200652730E-04
  4.482500000000E+00  2.411438439509E-04
  4.511250000000E+00  2.134026413736E-04
  4.540000000000E+00  1.859910515613E-04
  4.568750000000E+00  1.589037385540E-04
  4.597500000000E+00  1.321354353379E-04
  4.626250000000E+00  1.056809434299E-04
  4.655000000000E+00  7.953513021481E-05
  4.683750000000E+00  5.369292026236E-05
  4.712500000000E+00  2.814928241245E-05
  4.741250000000E+00  2.899222899666E-06
  4.770000000000E+00  9.969901383906E-17
  4.798750000000E+00  9.969901383906E-17
  4.827500000000E+00  9.969901383906E-17
  4.856250000000E+00  9.969901383906E-17
  4.885000000000E+00  9.969901383906E-17
  4.913750000000E+00  9.969901383906E-17
  4.942500000000E+00  9.969901383906E-17
  4.971250000000E+00  9.969901383906E-17
  5.000000000000E+00  9.969901383906E-17
  5.030232478763E+00  9.969901383906E-17
  5.062023879535E+00  9.969901383906E-17
  5.095454587316E+00  9.969901383906E-17
  5.130609132117E+00  9.969901383906E-17
  5.167576402695E+00  9.969901383906E-17
  5.206449871311E+00  9.969901383906E-17
  5.247327830073E+00  9.969901383906E-17
  5.290313639469E+00  9.969901383906E-17
  5.335515989720E+00  9.969901383906E-17
  5.383049175599E+00  9.969901383906E-17
  5.433033385431E+00  9.969901383906E-17
  5.485595004987E+00  9.969901383906E-17
  5.540866937056E+00  9.969901383906E-17
  5.598988937492E+00  9.969901383906E-17
  5.660107968582E+00  9.969901383906E-17
  5.724378570651E+00  9.969901383906E-17
  5.791963252814E+00  9.969901383906E-17
  5.863032903882E+00  9.969901383906E-17
  5.937767224461E+00  9.969901383906E-17
  6.016355181325E+00  9.969901383906E-17
  6.098995485218E+00  9.969901383906E-17
  6.185897093304E+00  9.969901383906E-17
  6.277279737511E+00  9.969901383906E-17
  6.373374480132E+00  9.969901383906E-17
  6.474424298065E+00  9.969901383906E-17
  6.580684697186E+00  9.969901383906E-17
  6.692424358397E+00  9.969901383906E-17
  6.809925816991E+00  9.969901383906E-17
  6.933486177048E+00  9.969901383906E-17
  7.063417862663E+00  9.969901383906E-17
  7.200049407918E+00  9.969901383906E-17
  7.343726287582E+00  9.969901383906E-17
  7.494811790651E+00  9.969901383906E-17
  7.653687938929E+00  9.969901383906E-17
  7.820756452977E+00  9.969901383906E-17
  7.996439767863E+00  9.969901383906E-17
  8.181182101303E+00  9.969901383906E-17
  8.375450576866E+00  9.969901383906E-17
  8.579736405106E+00  9.969901383906E-17
  8.794556125590E+00  9.969901383906E-17
  9.020452912983E+00  9.969901383906E-17
  9.257997950464E+00  9.969901383906E-17
  9.507791873978E+00  9.969901383906E-17
  9.770466290947E+00  9.969901383906E-17
  1.004668537730E+01  9.969901383906E-17
  1.033714755686E+01  9.969901383906E-17
  1.064258726730E+01  9.969901383906E-17
  1.096377681720E+01  9.969901383906E-17
  1.130152833880E+01  9.969901383906E-17
  1.165669584156E+01  9.969901383906E-17
  1.203017737146E+01  9.969901383906E-17
  1.242291728176E+01  9.969901383906E-17
  1.283590862082E+01  9.969901383906E-17
  1.327019564299E+01  9.969901383906E-17
  1.372687644909E+01  9.969901383906E-17
  1.420710576289E+01  9.969901383906E-17
  1.471209785093E+01  9.969901383906E-17
  1.524312959276E+01  9.969901383906E-17
  1.580154370954E+01  9.969901383906E-17
  1.638875215916E+01  9.969901383906E-17
  1.700623970640E+01  9.969901383906E-17
  1.765556767714E+01  9.969901383906E-17
  1.833837790621E+01  9.969901383906E-17
  1.905639688881E+01  9.969901383906E-17
  1.981144014598E+01  9.969901383906E-17
  2.060541681511E+01  9.969901383906E-17
  2.144033447731E+01  9.969901383906E-17
  2.231830423355E+01  9.969901383906E-17
  2.324154604261E+01  9.969901383906E-17
  2.421239433430E+01  9.969901383906E-17
  2.523330391207E+01  9.969901383906E-17
  2.630685616005E+01  9.969901383906E-17
  2.743576557009E+01  9.969901383906E-17
  2.862288660539E+01  9.969901383906E-17
  2.987122091806E+01  9.969901383906E-17
  3.118392493885E+01  9.969901383906E-17
  3.256431785820E+01  9.969901383906E-17
  3.401589001888E+01  9.969901383906E-17
  3.554231174136E+01  9.969901383906E-17
  3.714744260428E+01  9.969901383906E-17
  3.883534120345E+01  9.969901383906E-17
  4.061027541403E+01  9.969901383906E-17
  4.247673318196E+01  9.969901383906E-17
  4.443943387176E+01  9.969901383906E-17
  4.650334019954E+01  9.969901383906E-17
  4.867367078126E+01  9.969901383906E-17
  5.095591332810E+01  9.969901383906E-17
  5.335583852220E+01  9.969901383906E-17
  5.587951460793E+01  9.969901383906E-17
  5.853332273550E+01  9.969901383906E-17
  6.132397309582E+01  9.969901383906E-17
  6.425852188729E+01  9.969901383906E-17
  6.734438915749E+01  9.969901383906E-17
  7.058937756492E+01  9.969901383906E-17
  7.400169210806E+01  9.969901383906E-17
  7.758996087189E+01  9.969901383906E-17
  8.136325684406E+01  9.969901383906E-17
  8.533112085614E+01  9.969901383906E-17
  8.950358570767E+01  9.969901383906E-17
  9.389120153429E+01  9.969901383906E-17
  9.850506248387E+01  9.969901383906E-17
  1.033568347683E+02  9.969901383906E-17
  1.084587861614E+02  9.969901383906E-17
  1.138238170187E+02  9.969901383906E-17
  1.194654928954E+02  9.969901383906E-17
  1.253980788479E+02  9.969901383906E-17
  1.316365755026E+02  9.969901383906E-17
  1.381967569854E+02  9.969901383906E-17
  1.450952108067E+02  9.969901383906E-17
  1.523493798033E+02  9.969901383906E-17
  1.599776062428E+02  9.969901383906E-17
  1.679991782024E+02  9.969901383906E-17
  1.764343783386E+02  9.969901383906E-17
  1.853045351728E+02  9.969901383906E-17
  1.946320770205E+02  9.969901383906E-17
  2.044405887014E+02  9.969901383906E-17
  2.147548711742E+02  9.969901383906E-17
  2.256010042462E+02  9.969901383906E-17
  2.370064125163E+02  9.969901383906E-17
  2.489999347185E+02  9.969901383906E-17
  2.616118966413E+02  9.969901383906E-17
  2.748741878063E+02  9.969901383906E-17
  2.888203421021E+02  9.969901383906E-17
  3.034856225744E+02  9.969901383906E-17
  3.189071105897E+02  9.969901383906E-17
  3.351237995957E+02  9.969901383906E-17
  3.521766937171E+02  9.969901383906E-17
  3.701089114347E+02  9.969901383906E-17
  3.889657946114E+02  9.969901383906E-17
  4.087950231396E+02  9.969901383906E-17
  4.296467355004E+02  9.969901383906E-17
  4.515736555398E+02  9.969901383906E-17
  4.746312257811E+02  9.969901383906E-17
  4.988777476127E+02  9.969901383906E-17
  5.243745287036E+02  9.969901383906E-17
  5.511860380208E+02  9.969901383906E-17
  5.793800688399E+02  9.969901383906E-17
  6.090279101614E+02  9.969901383906E-17
  6.402045269662E+02  9.969901383906E-17
  6.729887497651E+02  9.969901383906E-17
  7.074634739232E+02  9.969901383906E-17
  7.437158692619E+02  9.969901383906E-17
  7.818376004689E+02  9.969901383906E-17
  8.219250588739E+02  9.969901383906E-17
  8.640796061752E+02  9.969901383906E-17
  9.084078307342E+02  9.969901383906E-17
  9.550218170857E+02  9.969901383906E-17
  1.004039429345E+03  9.969901383906E-17
  1.055584609229E+03  9.969901383906E-17
  1.109787689444E+03  9.969901383906E-17
  1.166785723237E+03  9.969901383906E-17
  1.226722830931E+03  9.969901383906E-17
  1.289750564339E+03  9.969901383906E-17
  1.356028289967E+03  9.969901383906E-17
  1.425723591968E+03  9.969901383906E-17
  1.499012695886E+03  9.969901383906E-17
  1.576080914245E+03  9.969901383906E-17
  1.657123115109E+03  9.969901383906E-17
  1.742344214817E+03  9.969901383906E-17
  1.831959696108E+03  9.969901383906E-17
  1.926196152978E+03  9.969901383906E-17
  2.025291863623E+03  9.969901383906E-17
  2.129497392933E+03  9.969901383906E-17
  2.239076226042E+03  9.969901383906E-17
  2.354305434561E+03  9.969901383906E-17
  2.475476377151E+03  9.969901383906E-17
  2.602895436233E+03  9.969901383906E-17
  2.736884792677E+03  9.969901383906E-17
  2.877783240441E+03  9.969901383906E-17
  3.025947043218E+03  9.969901383906E-17
  3.181750835252E+03  9.969901383906E-17
  3.345588568607E+03  9.969901383906E-17
  3.517874509278E+03  9.969901383906E-17
  3.699044284673E+03  9.969901383906E-17
  3.889555985097E+03  9.969901383906E-17
  4.089891322046E+03  9.969901383906E-17
  4.300556846216E+03  9.969901383906E-17
  4.522085228326E+03  9.969901383906E-17
  4.755036605984E+03  9.969901383906E-17
  5.000000000000E+03  9.969901383906E-17
