  7.400000000000E-02  0.000000000000E+00
  7.475000000000E-02  0.000000000000E+00
  7.550000000000E-02  0.000000000000E+00
  7.625000000000E-02  0.000000000000E+00
  7.700000000000E-02  0.000000000000E+00
  7.775000000000E-02  0.000000000000E+00
  7.850000000000E-02  0.000000000000E+00
  7.925000000000E-02  0.000000000000E+00
  8.000000000000E-02  0.000000000000E+00
  8.075000000000E-02  0.000000000000E+00
  8.155057911714E-02  0.000000000000E+00
  8.240514834755E-02  0.000000000000E+00
  8.331734872090E-02  0.000000000000E+00
  8.429106681365E-02  0.000000000000E+00
  8.533045130836E-02  0.000000000000E+00
  8.643993066989E-02  0.000000000000E+00
  8.762423201355E-02  0.000000000000E+00
  8.888840124573E-02  0.000000000000E+00
  9.023782456282E-02  0.000000000000E+00
  9.167825139995E-02  0.000000000000E+00
  9.321581892739E-02  0.000000000000E+00
  9.485707819895E-02  0.000000000000E+00
  9.660902206378E-02  0.000000000000E+00
  9.847911496056E-02  0.000000000000E+00
  1.004753247209E-01  0.000000000000E+00
  1.026061565177E-01  0.000000000000E+00
  1.048806891026E-01  0.000000000000E+00
  1.073086134876E-01  0.000000000000E+00
  1.099002742350E-01  0.000000000000E+00
  1.126667135325E-01  0.000000000000E+00
  1.156197182397E-01  0.000000000000E+00
  1.187718701083E-01  0.000000000000E+00
  1.221365993884E-01  0.000000000000E+00
  1.257282420503E-01  0.000000000000E+00
  1.295621008655E-01  0.000000000000E+00
  1.336545106062E-01  0.000000000000E+00
  1.380229076425E-01  0.000000000000E+00
  1.426859042326E-01  0.000000000000E+00
  1.476633678238E-01  0.000000000000E+00
  1.529765057003E-01  0.000000000000E+00
  1.586479553410E-01  4.638219259774E+00
  1.647018808693E-01  4.392448232613E+00
  1.711640760088E-01  4.150726083355E+00
  1.780620739817E-01  3.913738122823E+00
  1.854252648179E-01  3.682141155926E+00
  1.932850205766E-01  3.456554104169E+00
  2.016748290116E-01  3.237549481613E+00
  2.106304362515E-01  3.025645898630E+00
  2.201899991016E-01  2.821301751115E+00
  2.303942476173E-01  2.624910223892E+00
  2.412866586410E-01  2.436795698925E+00
  2.529136410423E-01  2.257211614686E+00
  2.653247334501E-01  2.086339775881E+00
  2.785728153202E-01  1.924291065906E+00
  2.927143322368E-01  1.771107470623E+00
  3.078095364076E-01  1.626765284037E+00
  3.239227433785E-01  1.491179335826E+00
  3.411226060600E-01  1.364208058862E+00
  3.594824072340E-01  1.245659202257E+00
  3.790803717871E-01  1.135295991988E+00
  4.000000000000E-01  1.063683671224E+00
  4.287500000000E-01  9.405089962216E-01
  4.575000000000E-01  8.374881280446E-01
  4.862500000000E-01  7.504727239045E-01
  5.150000000000E-01  6.763218096953E-01
  5.437500000000E-01  6.126269294359E-01
  5.725000000000E-01  5.575161636903E-01
  6.012500000000E-01  5.095172952908E-01
  6.300000000000E-01  4.674598602363E-01
  6.587500000000E-01  4.304040465153E-01
  6.875000000000E-01  3.975883525648E-01
  7.162500000000E-01  3.683905691154E-01
  7.450000000000E-01  3.422983508544E-01
  7.737500000000E-01  3.188867800922E-01
  8.025000000000E-01  2.978010900094E-01
  8.312500000000E-01  2.787432365228E-01
  8.600000000000E-01  2.614613707247E-01
  8.887500000000E-01  2.457415186132E-01
  9.175000000000E-01  2.314009553523E-01
  9.462500000000E-01  2.182828916147E-01
  9.750000000000E-01  2.062521833749E-01
  1.003750000000E+00  1.951918463697E-01
  1.032500000000E+00  1.850002076036E-01
  1.061250000000E+00  1.755885641265E-01
  1.090000000000E+00  1.668792486525E-01
  1.118750000000E+00  1.588040232936E-01
  1.147500000000E+00  1.513027393563E-01
  1.176250000000E+00  1.443222140461E-01
  1.205000000000E+00  1.378152848386E-01
  1.233750000000E+00  1.317400101704E-01
  1.262500000000E+00  1.260589912398E-01
  1.291250000000E+00  1.207387943583E-01
  1.320000000000E+00  1.157494571274E-01
  1.348750000000E+00  1.110640648410E-01
  1.377500000000E+00  1.066583859615E-01
  1.406250000000E+00  1.025105574852E-01
  1.435000000000E+00  9.860081251115E-02
  1.463750000000E+00  9.491124364528E-02
  1.492500000000E+00  9.142559697546E-02
  1.521250000000E+00  8.812909217890E-02
  1.550000000000E+00  8.500826504703E-02
  1.578750000000E+00  8.205082930723E-02
  1.607500000000E+00  7.924555507886E-02
  1.636250000000E+00  7.658216170474E-02
  1.665000000000E+00  7.405122305226E-02
  1.693750000000E+00  7.164408365521E-02
  1.722500000000E+00  6.935278430106E-02
  1.751250000000E+00  6.716999586753E-02
  1.780000000000E+00  6.508896038000E-02
  1.808750000000E+00  6.310343840420E-02
  1.837500000000E+00  6.120766200655E-02
  1.866250000000E+00  5.939629261689E-02
  1.895000000000E+00  5.766438322003E-02
  1.923750000000E+00  5.600734437650E-02
  1.952500000000E+00  5.442091363490E-02
  1.981250000000E+00  5.290112795427E-02
  2.010000000000E+00  5.144429880279E-02
  2.038750000000E+00  5.004698963994E-02
  2.067500000000E+00  4.870599552496E-02
  2.096250000000E+00  4.741832462525E-02
  2.125000000000E+00  4.618118142493E-02
  2.153750000000E+00  4.499195145738E-02
  2.182500000000E+00  4.384818740560E-02
  2.211250000000E+00  4.274759643213E-02
  2.240000000000E+00  4.168802861576E-02
  2.268750000000E+00  4.066746638599E-02
  2.297500000000E+00  3.968401485782E-02
  2.326250000000E+00  3.873589298050E-02
  2.355000000000E+00  3.782142542261E-02
  2.383750000000E+00  3.693903512462E-02
  2.412500000000E+00  3.608723645668E-02
  2.441250000000E+00  3.526462892553E-02
  2.470000000000E+00  3.446989138128E-02
  2.498750000000E+00  3.370177667932E-02
  2.527500000000E+00  3.295910675679E-02
  2.556250000000E+00  3.224076808720E-02
  2.585000000000E+00  3.154570748031E-02
  2.613750000000E+00  3.087292819762E-02
  2.642500000000E+00  3.022148635676E-02
  2.671250000000E+00  2.959048760026E-02
  2.700000000000E+00  2.897908400694E-02
  2.728750000000E+00  2.838647122580E-02
  2.757500000000E+00  2.781188581426E-02
  2.786250000000E+00  2.725460276448E-02
  2.815000000000E+00  2.671393320247E-02
  2.843750000000E+00  2.618922224626E-02
  2.872500000000E+00  2.567984701080E-02
  2.901250000000E+00  2.518521474827E-02
  2.930000000000E+00  2.470476111346E-02
  2.958750000000E+00  2.423794854449E-02
  2.987500000000E+00  2.378426475035E-02
  3.016250000000E+00  2.334322129722E-02
  3.045000000000E+00  2.291435228615E-02
  3.073750000000E+00  2.249721311571E-02
  3.102500000000E+00  2.209137932303E-02
  3.131250000000E+00  2.169644549795E-02
  3.160000000000E+00  2.131202426485E-02
  3.188750000000E+00  2.093774532745E-02
  3.217500000000E+00  2.057325457216E-02
  3.246250000000E+00  2.021821322591E-02
  3.275000000000E+00  1.987229706470E-02
  3.303750000000E+00  1.953519566944E-02
  3.332500000000E+00  1.920661172583E-02
  3.361250000000E+00  1.888626036537E-02
  3.390000000000E+00  1.857386854476E-02
  3.418750000000E+00  1.826917446107E-02
  3.447500000000E+00  1.797192700033E-02
  3.476250000000E+00  1.768188521751E-02
  3.505000000000E+00  1.739881784583E-02
  3.533750000000E+00  1.712250283349E-02
  3.562500000000E+00  1.685272690608E-02
  3.591250000000E+00  1.658928515303E-02
  3.620000000000E+00  1.633198063670E-02
  3.648750000000E+00  1.608062402248E-02
  3.677500000000E+00  1.583503322883E-02
  3.706250000000E+00  1.559503309615E-02
  3.735000000000E+00  1.536045507314E-02
  3.763750000000E+00  1.513113691953E-02
  3.792500000000E+00  1.490692242428E-02
  3.821250000000E+00  1.468766113836E-02
  3.850000000000E+00  1.447320812116E-02
  3.878750000000E+00  1.426342370012E-02
  3.907500000000E+00  1.405817324245E-02
  3.936250000000E+00  1.385732693830E-02
  3.965000000000E+00  1.366075959461E-02
  3.993750000000E+00  1.346835043919E-02
  4.022500000000E+00  1.327998293462E-02
  4.051250000000E+00  1.309554460117E-02
  4.080000000000E+00  1.291492684827E-02
  4.108750000000E+00  1.273802481413E-02
  4.137500000000E+00  1.256473721296E-02
  4.166250000000E+00  1.239496618957E-02
  4.195000000000E+00  1.222861718074E-02
  4.223750000000E+00  1.206559878309E-02
  4.252500000000E+00  1.190582262706E-02
  4.281250000000E+00  1.174920325674E-02
  4.310000000000E+00  1.159565801516E-02
  4.338750000000E+00  1.144510693483E-02
  4.367500000000E+00  1.129747263321E-02
  4.396250000000E+00  1.115268021289E-02
  4.425000000000E+00  1.101065716626E-02
  4.453750000000E+00  1.087133328443E-02
  4.482500000000E+00  1.073464057028E-02
  4.511250000000E+00  1.060051315536E-02
  4.540000000000E+00  1.046888722049E-02
  4.568750000000E+00  1.033970091982E-02
  4.597500000000E+00  1.021289430807E-02
  4.626250000000E+00  1.008840927070E-02
  4.655000000000E+00  9.966189456914E-03
  4.683750000000E+00  9.846180215548E-03
  4.712500000000E+00  9.728328533960E-03
  4.741250000000E+00  9.612582979570E-03
  4.770000000000E+00  9.498893643525E-03
  4.798750000000E+00  9.387212086648E-03
  4.827500000000E+00  9.277491287809E-03
  4.856250000000E+00  9.169685594409E-03
  4.885000000000E+00  9.063750674870E-03
  4.913750000000E+00  8.959643473041E-03
  4.942500000000E+00  8.857322164405E-03
  4.971250000000E+00  8.756746114212E-03
  5.000000000000E+00  8.657875836330E-03
  5.030232478763E+00  8.555705249383E-03
  5.062023879535E+00  8.450207610180E-03
  5.095454587316E+00  8.341363988026E-03
  5.130609132117E+00  8.229163955101E-03
  5.167576402695E+00  8.113606280240E-03
  5.206449871311E+00  7.994699618396E-03
  5.247327830073E+00  7.872463188541E-03
  5.290313639469E+00  7.746927431729E-03
  5.335515989720E+00  7.618134640387E-03
  5.383049175599E+00  7.486139549253E-03
  5.433033385431E+00  7.351009877780E-03
  5.485595004987E+00  7.212826813413E-03
  5.540866937056E+00  7.071685424793E-03
  5.598988937492E+00  6.927694993798E-03
  5.660107968582E+00  6.780979255369E-03
  5.724378570651E+00  6.631676534327E-03
  5.791963252814E+00  6.479939768835E-03
  5.863032903882E+00  6.325936410957E-03
  5.937767224461E+00  6.169848195730E-03
  6.016355181325E+00  6.011870771476E-03
  6.098995485218E+00  5.852213185636E-03
  6.185897093304E+00  5.691097222245E-03
  6.277279737511E+00  5.528756589247E-03
  6.373374480132E+00  5.365435956164E-03
  6.474424298065E+00  5.201389845113E-03
  6.580684697186E+00  5.036881380823E-03
  6.692424358397E+00  4.872180908004E-03
  6.809925816991E+00  4.707564487163E-03
  6.933486177048E+00  4.543312282671E-03
  7.063417862663E+00  4.379706859410E-03
  7.200049407918E+00  4.217031406740E-03
  7.343726287582E+00  4.055567910544E-03
  7.494811790651E+00  3.895595295914E-03
  7.653687938929E+00  3.737387564279E-03
  7.820756452977E+00  3.581211949664E-03
  7.996439767863E+00  3.427327119087E-03
  8.181182101303E+00  3.275981441844E-03
  8.375450576866E+00  3.127411351700E-03
  8.579736405106E+00  2.981839824661E-03
  8.794556125590E+00  2.839474993140E-03
  9.020452912983E+00  2.700508915021E-03
  9.257997950464E+00  2.565116513369E-03
  9.507791873978E+00  2.433454699432E-03
  9.770466290947E+00  2.305661688228E-03
  1.004668537730E+01  2.181856512482E-03
  1.033714755686E+01  2.062138737079E-03
  1.064258726730E+01  1.946588372643E-03
  1.096377681720E+01  1.835265983397E-03
  1.130152833880E+01  1.728212981243E-03
  1.165669584156E+01  1.625452095078E-03
  1.203017737146E+01  1.526988001763E-03
  1.242291728176E+01  1.432808103035E-03
  1.283590862082E+01  1.342883430935E-03
  1.327019564299E+01  1.257169663061E-03
  1.372687644909E+01  1.175608228229E-03
  1.420710576289E+01  1.098127482774E-03
  1.471209785093E+01  1.024643937896E-03
  1.524312959276E+01  9.550635189455E-04
  1.580154370954E+01  8.892828384700E-04
  1.638875215916E+01  8.271904659881E-04
  1.700623970640E+01  7.686681789289E-04
  1.765556767714E+01  7.135921807712E-04
  1.833837790621E+01  6.618342741787E-04
  1.905639688881E+01  6.132629787460E-04
  1.981144014598E+01  5.677445848205E-04
  2.060541681511E+01  5.251441366818E-04
  2.144033447731E+01  4.853263401220E-04
  2.231830423355E+01  4.481563911243E-04
  2.324154604261E+01  4.135007238750E-04
  2.421239433430E+01  3.812276777296E-04
  2.523330391207E+01  3.512080839884E-04
  2.630685616005E+01  3.233157744019E-04
  2.743576557009E+01  2.974280142274E-04
  2.862288660539E+01  2.734258633943E-04
  2.987122091806E+01  2.511944699141E-04
  3.118392493885E+01  2.306233001039E-04
  3.256431785820E+01  2.116063104866E-04
  3.401589001888E+01  1.940420664067E-04
  3.554231174136E+01  1.778338124632E-04
  3.714744260428E+01  1.628894998372E-04
  3.883534120345E+01  1.491217754827E-04
  4.061027541403E+01  1.364479379811E-04
  4.247673318196E+01  1.247898646348E-04
  4.443943387176E+01  1.140739141167E-04
  4.650334019954E+01  1.042308087034E-04
  4.867367078126E+01  9.519549980838E-05
  5.095591332810E+01  8.690702022057E-05
  5.335583852220E+01  7.930832612788E-05
  5.587951460793E+01  7.234613169404E-05
  5.853332273550E+01  6.597073864668E-05
  6.132397309582E+01  6.013586304114E-05
  6.425852188729E+01  5.479846108443E-05
  6.734438915749E+01  4.991855564202E-05
  7.058937756492E+01  4.545906480679E-05
  7.400169210806E+01  4.138563368643E-05
  7.758996087189E+01  3.766647036208E-05
  8.136325684406E+01  3.427218678715E-05
  8.533112085614E+01  3.117564523141E-05
  8.950358570767E+01  2.835181072921E-05
  9.389120153429E+01  2.577760986269E-05
  9.850506248387E+01  2.343179609901E-05
  1.033568347683E+02  2.129482180399E-05
  1.084587861614E+02  1.934871697243E-05
  1.138238170187E+02  1.757697464518E-05
  1.194654928954E+02  1.596444292545E-05
  1.253980788479E+02  1.449722345886E-05
  1.316365755026E+02  1.316257620319E-05
  1.381967569854E+02  1.194883028367E-05
  1.450952108067E+02  1.084530070624E-05
  1.523493798033E+02  9.842210684260E-06
  1.599776062428E+02  8.930619322774E-06
  1.679991782024E+02  8.102354396876E-06
  1.764343783386E+02  7.349949958050E-06
  1.853045351728E+02  6.666588502068E-06
  1.946320770205E+02  6.046047434902E-06
  2.044405887014E+02  5.482649577997E-06
  2.147548711742E+02  4.971217460904E-06
  2.256010042462E+02  4.507031157302E-06
  2.370064125163E+02  4.085789429526E-06
  2.489999347185E+02  3.703573956524E-06
  2.616118966413E+02  3.356816430534E-06
  2.748741878063E+02  3.042268318410E-06
  2.888203421021E+02  2.756973094352E-06
  3.034856225744E+02  2.498240761584E-06
  3.189071105897E+02  2.263624491231E-06
  3.351237995957E+02  2.050899217110E-06
  3.521766937171E+02  1.858042035405E-06
  3.701089114347E+02  1.683214268012E-06
  3.889657946114E+02  1.524745057871E-06
  4.087950231396E+02  1.381116373676E-06
  4.296467355004E+02  1.250949310005E-06
  4.515736555398E+02  1.132991577117E-06
  4.746312257811E+02  1.026106082452E-06
  4.988777476127E+02  9.292605131623E-07
  5.243745287036E+02  8.415178359108E-07
  5.511860380208E+02  7.620276366028E-07
  5.793800688399E+02  6.900182287736E-07
  6.090279101614E+02  6.247894649731E-07
  6.402045269662E+02  5.657061907445E-07
  6.729887497651E+02  5.121922856703E-07
  7.074634739232E+02  4.637252404907E-07
  7.437158692619E+02  4.198312234981E-07
  7.818376004689E+02  3.800805932938E-07
  8.219250588739E+02  3.440838185883E-07
  8.640796061752E+02  3.114877690396E-07
  9.084078307342E+02  2.819723441802E-07
  9.550218170857E+02  2.552474102993E-07
  1.004039429345E+03  2.310500177380E-07
  1.055584609229E+03  2.091418734348E-07
  1.109787689444E+03  1.893070457459E-07
  1.166785723237E+03  1.713498805729E-07
  1.226722830931E+03  1.550931096689E-07
  1.289750564339E+03  1.403761336811E-07
  1.356028289967E+03  1.270534640317E-07
  1.425723591968E+03  1.149933091515E-07
  1.499012695886E+03  1.040762918715E-07
  1.576080914245E+03  9.419428596174E-08
  1.657123115109E+03  8.524936088066E-08
  1.742344214817E+03  7.715282478712E-08
  1.831959696108E+03  6.982435676373E-08
  1.926196152978E+03  6.319122002070E-08
  2.025291863623E+03  5.718754859675E-08
  2.129497392933E+03  5.175370075482E-08
  2.239076226042E+03  4.683567289125E-08
  2.354305434561E+03  4.238456834210E-08
  2.475476377151E+03  3.835611598499E-08
  2.602895436233E+03  3.471023400331E-08
  2.736884792677E+03  3.141063460544E-08
  2.877783240441E+03  2.842446587950E-08
  3.025947043218E+03  2.572198731721E-08
  3.181750835252E+03  2.327627586554E-08
  3.345588568607E+03  2.106295967593E-08
  3.517874509278E+03  1.905997705744E-08
  3.699044284673E+03  1.724735862936E-08
  3.889555985097E+03  1.560703164950E-08
  4.089891322046E+03  1.412264822186E-08
  4.300556846216E+03  1.277944517950E-08
  4.522085228326E+03  1.156417314355E-08
  4.755036605984E+03  1.046509118314E-08
  5.000000000000E+03  9.472563239689E-09
