  7.400000000000E-02  0.000000000000E+00
  7.475000000000E-02  0.000000000000E+00
  7.550000000000E-02  0.000000000000E+00
  7.625000000000E-02  0.000000000000E+00
  7.700000000000E-02  0.000000000000E+00
  7.775000000000E-02  0.000000000000E+00
  7.850000000000E-02  0.000000000000E+00
  7.925000000000E-02  0.000000000000E+00
  8.000000000000E-02  0.000000000000E+00
  8.075000000000E-02  0.000000000000E+00
  8.155057911714E-02  0.000000000000E+00
  8.240514834755E-02  0.000000000000E+00
  8.331734872090E-02  0.000000000000E+00
  8.429106681365E-02  0.000000000000E+00
  8.533045130836E-02  0.000000000000E+00
  8.643993066989E-02  0.000000000000E+00
  8.762423201355E-02  0.000000000000E+00
  8.888840124573E-02  0.000000000000E+00
  9.023782456282E-02  0.000000000000E+00
  9.167825139995E-02  0.000000000000E+00
  9.321581892739E-02  0.000000000000E+00
  9.485707819895E-02  0.000000000000E+00
  9.660902206378E-02  0.000000000000E+00
  9.847911496056E-02  0.000000000000E+00
  1.004753247209E-01  0.000000000000E+00
  1.026061565177E-01  0.000000000000E+00
  1.048806891026E-01  0.000000000000E+00
  1.073086134876E-01  0.000000000000E+00
  1.099002742350E-01  0.000000000000E+00
  1.126667135325E-01  0.000000000000E+00
  1.156197182397E-01  0.000000000000E+00
  1.187718701083E-01  0.000000000000E+00
  1.221365993884E-01  0.000000000000E+00
  1.257282420503E-01  0.000000000000E+00
  1.295621008655E-01  0.000000000000E+00
  1.336545106062E-01  0.000000000000E+00
  1.380229076425E-01  0.000000000000E+00
  1.426859042326E-01  0.000000000000E+00
  1.476633678238E-01  0.000000000000E+00
  1.529765057003E-01  0.000000000000E+00
  1.586479553410E-01  0.000000000000E+00
  1.647018808693E-01  0.000000000000E+00
  1.711640760088E-01  0.000000000000E+00
  1.780620739817E-01  0.000000000000E+00
  1.854252648179E-01  0.000000000000E+00
  1.932850205766E-01  0.000000000000E+00
  2.016748290116E-01  0.000000000000E+00
  2.106304362515E-01  0.000000000000E+00
  2.201899991016E-01  0.000000000000E+00
  2.303942476173E-01  0.000000000000E+00
  2.412866586410E-01  0.000000000000E+00
  2.529136410423E-01  0.000000000000E+00
  2.653247334501E-01  0.000000000000E+00
  2.785728153202E-01  0.000000000000E+00
  2.927143322368E-01  0.000000000000E+00
  3.078095364076E-01  0.000000000000E+00
  3.239227433785E-01  0.000000000000E+00
  3.411226060600E-01  0.000000000000E+00
  3.594824072340E-01  0.000000000000E+00
  3.790803717871E-01  0.000000000000E+00
  4.000000000000E-01  1.940149372702E-01
  4.287500000000E-01  1.958325326257E-01
  4.575000000000E-01  1.975609846963E-01
  4.862500000000E-01  1.992090477100E-01
  5.150000000000E-01  2.007843166722E-01
  5.437500000000E-01  2.022933384332E-01
  5.725000000000E-01  2.037418095423E-01
  6.012500000000E-01  2.051347154433E-01
  6.300000000000E-01  2.064764441175E-01
  6.587500000000E-01  2.077708776826E-01
  6.875000000000E-01  2.090214672423E-01
  7.162500000000E-01  2.102312944418E-01
  7.450000000000E-01  2.114031224586E-01
  7.737500000000E-01  2.125394385175E-01
  8.025000000000E-01  2.136424895543E-01
  8.312500000000E-01  2.147143123106E-01
  8.600000000000E-01  2.157567588647E-01
  8.887500000000E-01  2.167715184000E-01
  9.175000000000E-01  2.177601358578E-01
  9.462500000000E-01  2.187240279935E-01
  9.750000000000E-01  2.196644972576E-01
  1.003750000000E+00  2.205827438448E-01
  1.032500000000E+00  2.214798761929E-01
  1.061250000000E+00  2.223569201652E-01
  1.090000000000E+00  2.232148271107E-01
  1.118750000000E+00  2.240544809615E-01
  1.147500000000E+00  2.248767045029E-01
  1.176250000000E+00  2.256822649299E-01
  1.205000000000E+00  2.264718787838E-01
  1.233750000000E+00  2.272462163506E-01
  1.262500000000E+00  2.280059055912E-01
  1.291250000000E+00  2.287515356608E-01
  1.320000000000E+00  2.294836600694E-01
  1.348750000000E+00  2.302027995251E-01
  1.377500000000E+00  2.309094444990E-01
  1.406250000000E+00  2.316040575429E-01
  1.435000000000E+00  2.322870753878E-01
  1.463750000000E+00  2.329589108488E-01
  1.492500000000E+00  2.336199545563E-01
  1.521250000000E+00  2.342705765328E-01
  1.550000000000E+00  2.349111276318E-01
  1.578750000000E+00  2.355419408521E-01
  1.607500000000E+00  2.361633325414E-01
  1.636250000000E+00  2.367756034990E-01
  1.665000000000E+00  2.373790399886E-01
  1.693750000000E+00  2.379739146700E-01
  1.722500000000E+00  2.385604874563E-01
  1.751250000000E+00  2.391390063049E-01
  1.780000000000E+00  2.397097079478E-01
  1.808750000000E+00  2.402728185662E-01
  1.837500000000E+00  2.408285544150E-01
  1.866250000000E+00  2.413771224018E-01
  1.895000000000E+00  2.419187206238E-01
  1.923750000000E+00  2.424535388666E-01
  1.952500000000E+00  2.429817590682E-01
  1.981250000000E+00  2.435035557504E-01
  2.010000000000E+00  2.440190964215E-01
  2.038750000000E+00  2.445285419513E-01
  2.067500000000E+00  2.450320469215E-01
  2.096250000000E+00  2.455297599537E-01
  2.125000000000E+00  2.460218240157E-01
  2.153750000000E+00  2.465083767087E-01
  2.182500000000E+00  2.469895505363E-01
  2.211250000000E+00  2.474654731571E-01
  2.240000000000E+00  2.479362676214E-01
  2.268750000000E+00  2.484020525932E-01
  2.297500000000E+00  2.488629425587E-01
  2.326250000000E+00  2.493190480219E-01
  2.355000000000E+00  2.497704756895E-01
  2.383750000000E+00  2.502173286452E-01
  2.412500000000E+00  2.506597065171E-01
  2.441250000000E+00  2.510977056328E-01
  2.470000000000E+00  2.515314191657E-01
  2.498750000000E+00  2.519609372733E-01
  2.527500000000E+00  2.523863472271E-01
  2.556250000000E+00  2.528077335362E-01
  2.585000000000E+00  2.532251780635E-01
  2.613750000000E+00  2.536387601368E-01
  2.642500000000E+00  2.540485566530E-01
  2.671250000000E+00  2.544546421779E-01
  2.700000000000E+00  2.548570890401E-01
  2.728750000000E+00  2.552559674213E-01
  2.757500000000E+00  2.556513454408E-01
  2.786250000000E+00  2.560432892367E-01
  2.815000000000E+00  2.564318630426E-01
  2.843750000000E+00  2.568171292614E-01
  2.872500000000E+00  2.571991485346E-01
  2.901250000000E+00  2.575779798088E-01
  2.930000000000E+00  2.579536803990E-01
  2.958750000000E+00  2.583263060491E-01
  2.987500000000E+00  2.586959109894E-01
  3.016250000000E+00  2.590625479916E-01
  3.045000000000E+00  2.594262684211E-01
  3.073750000000E+00  2.597871222873E-01
  3.102500000000E+00  2.601451582914E-01
  3.131250000000E+00  2.605004238722E-01
  3.160000000000E+00  2.608529652499E-01
  3.188750000000E+00  2.612028274679E-01
  3.217500000000E+00  2.615500544329E-01
  3.246250000000E+00  2.618946889533E-01
  3.275000000000E+00  2.622367727763E-01
  3.303750000000E+00  2.625763466223E-01
  3.332500000000E+00  2.629134502197E-01
  3.361250000000E+00  2.632481223365E-01
  3.390000000000E+00  2.635804008117E-01
  3.418750000000E+00  2.639103225851E-01
  3.447500000000E+00  2.642379237258E-01
  3.476250000000E+00  2.645632394598E-01
  3.505000000000E+00  2.648863041963E-01
  3.533750000000E+00  2.652071515533E-01
  3.562500000000E+00  2.655258143814E-01
  3.591250000000E+00  2.658423247881E-01
  3.620000000000E+00  2.661567141595E-01
  3.648750000000E+00  2.664690131826E-01
  3.677500000000E+00  2.667792518660E-01
  3.706250000000E+00  2.670874595596E-01
  3.735000000000E+00  2.673936649748E-01
  3.763750000000E+00  2.676978962022E-01
  3.792500000000E+00  2.680001807304E-01
  3.821250000000E+00  2.683005454626E-01
  3.850000000000E+00  2.685990167338E-01
  3.878750000000E+00  2.688956203267E-01
  3.907500000000E+00  2.691903814872E-01
  3.936250000000E+00  2.694833249395E-01
  3.965000000000E+00  2.697744749004E-01
  3.993750000000E+00  2.700638550934E-01
  4.022500000000E+00  2.703514887621E-01
  4.051250000000E+00  2.706373986832E-01
  4.080000000000E+00  2.709216071791E-01
  4.108750000000E+00  2.712041361302E-01
  4.137500000000E+00  2.714850069864E-01
  4.166250000000E+00  2.717642407786E-01
  4.195000000000E+00  2.720418581296E-01
  4.223750000000E+00  2.723178792647E-01
  4.252500000000E+00  2.725923240222E-01
  4.281250000000E+00  2.728652118630E-01
  4.310000000000E+00  2.731365618807E-01
  4.338750000000E+00  2.734063928103E-01
  4.367500000000E+00  2.736747230377E-01
  4.396250000000E+00  2.739415706083E-01
  4.425000000000E+00  2.742069532353E-01
  4.453750000000E+00  2.744708883081E-01
  4.482500000000E+00  2.747333929003E-01
  4.511250000000E+00  2.749944837771E-01
  4.540000000000E+00  2.752541774031E-01
  4.568750000000E+00  2.755124899494E-01
  4.597500000000E+00  2.757694373005E-01
  4.626250000000E+00  2.760250350613E-01
  4.655000000000E+00  2.762792985636E-01
  4.683750000000E+00  2.765322428727E-01
  4.712500000000E+00  2.767838827933E-01
  4.741250000000E+00  2.770342328757E-01
  4.770000000000E+00  2.772833074220E-01
  4.798750000000E+00  2.775311204910E-01
  4.827500000000E+00  2.777776859048E-01
  4.856250000000E+00  2.780230172531E-01
  4.885000000000E+00  2.782671278991E-01
  4.913750000000E+00  2.785100309845E-01
  4.942500000000E+00  2.787517394344E-01
  4.971250000000E+00  2.789922659614E-01
  5.000000000000E+00  2.792316230727E-01
  5.030232478763E+00  2.794820745847E-01
  5.062023879535E+00  2.797440757435E-01
  5.095454587316E+00  2.800180950759E-01
  5.130609132117E+00  2.803046142914E-01
  5.167576402695E+00  2.806041281303E-01
  5.206449871311E+00  2.809171441588E-01
  5.247327830073E+00  2.812441825046E-01
  5.290313639469E+00  2.815857755319E-01
  5.335515989720E+00  2.819424674518E-01
  5.383049175599E+00  2.823148138656E-01
  5.433033385431E+00  2.827033812379E-01
  5.485595004987E+00  2.831087462990E-01
  5.540866937056E+00  2.835314953722E-01
  5.598988937492E+00  2.839722236274E-01
  5.660107968582E+00  2.844315342589E-01
  5.724378570651E+00  2.849100375872E-01
  5.791963252814E+00  2.854083500860E-01
  5.863032903882E+00  2.859270933356E-01
  5.937767224461E+00  2.864668929040E-01
  6.016355181325E+00  2.870283771599E-01
  6.098995485218E+00  2.876121760200E-01
  6.185897093304E+00  2.882189196359E-01
  6.277279737511E+00  2.888492370262E-01
  6.373374480132E+00  2.895037546598E-01
  6.474424298065E+00  2.901830949973E-01
  6.580684697186E+00  2.908878749998E-01
  6.692424358397E+00  2.916187046123E-01
  6.809925816991E+00  2.923761852322E-01
  6.933486177048E+00  2.931609081736E-01
  7.063417862663E+00  2.939734531362E-01
  7.200049407918E+00  2.948143866918E-01
  7.343726287582E+00  2.956842607992E-01
  7.494811790651E+00  2.965836113579E-01
  7.653687938929E+00  2.975129568142E-01
  7.820756452977E+00  2.984727968292E-01
  7.996439767863E+00  2.994636110204E-01
  8.181182101303E+00  3.004858577875E-01
  8.375450576866E+00  3.015399732324E-01
  8.579736405106E+00  3.026263701819E-01
  8.794556125590E+00  3.037454373215E-01
  9.020452912983E+00  3.048975384479E-01
  9.257997950464E+00  3.060830118450E-01
  9.507791873978E+00  3.073021697889E-01
  9.770466290947E+00  3.085552981855E-01
  1.004668537730E+01  3.098426563408E-01
  1.033714755686E+01  3.111644768675E-01
  1.064258726730E+01  3.125209657235E-01
  1.096377681720E+01  3.139123023837E-01
  1.130152833880E+01  3.153386401384E-01
  1.165669584156E+01  3.168001065163E-01
  1.203017737146E+01  3.182968038248E-01
  1.242291728176E+01  3.198288098000E-01
  1.283590862082E+01  3.213961783619E-01
  1.327019564299E+01  3.229989404621E-01
  1.372687644909E+01  3.246371050181E-01
  1.420710576289E+01  3.263106599236E-01
  1.471209785093E+01  3.280195731244E-01
  1.524312959276E+01  3.297637937505E-01
  1.580154370954E+01  3.315432532942E-01
  1.638875215916E+01  3.333578668239E-01
  1.700623970640E+01  3.352075342245E-01
  1.765556767714E+01  3.370921414536E-01
  1.833837790621E+01  3.390115618063E-01
  1.905639688881E+01  3.409656571777E-01
  1.981144014598E+01  3.429542793179E-01
  2.060541681511E+01  3.449772710691E-01
  2.144033447731E+01  3.470344675808E-01
  2.231830423355E+01  3.491256974947E-01
  2.324154604261E+01  3.512507840960E-01
  2.421239433430E+01  3.534095464252E-01
  2.523330391207E+01  3.556018003459E-01
  2.630685616005E+01  3.578273595679E-01
  2.743576557009E+01  3.600860366191E-01
  2.862288660539E+01  3.623776437681E-01
  2.987122091806E+01  3.647019938932E-01
  3.118392493885E+01  3.670589012981E-01
  3.256431785820E+01  3.694481824739E-01
  3.401589001888E+01  3.718696568070E-01
  3.554231174136E+01  3.743231472342E-01
  3.714744260428E+01  3.768084808442E-01
  3.883534120345E+01  3.793254894289E-01
  4.061027541403E+01  3.818740099832E-01
  4.247673318196E+01  3.844538851578E-01
  4.443943387176E+01  3.870649636642E-01
  4.650334019954E+01  3.897071006359E-01
  4.867367078126E+01  3.923801579460E-01
  5.095591332810E+01  3.950840044854E-01
  5.335583852220E+01  3.978185164019E-01
  5.587951460793E+01  4.005835773039E-01
  5.853332273550E+01  4.033790784301E-01
  6.132397309582E+01  4.062049187873E-01
  6.425852188729E+01  4.090610052598E-01
  6.734438915749E+01  4.119472526910E-01
  7.058937756492E+01  4.148635839399E-01
  7.400169210806E+01  4.178099299151E-01
  7.758996087189E+01  4.207862295875E-01
  8.136325684406E+01  4.237924299838E-01
  8.533112085614E+01  4.268284861631E-01
  8.950358570767E+01  4.298943611770E-01
  9.389120153429E+01  4.329900260169E-01
  9.850506248387E+01  4.361154595476E-01
  1.033568347683E+02  4.392706484311E-01
  1.084587861614E+02  4.424555870392E-01
  1.138238170187E+02  4.456702773596E-01
  1.194654928954E+02  4.489147288926E-01
  1.253980788479E+02  4.521889585434E-01
  1.316365755026E+02  4.554929905078E-01
  1.381967569854E+02  4.588268561549E-01
  1.450952108067E+02  4.621905939053E-01
  1.523493798033E+02  4.655842491070E-01
  1.599776062428E+02  4.690078739099E-01
  1.679991782024E+02  4.724615271377E-01
  1.764343783386E+02  4.759452741607E-01
  1.853045351728E+02  4.794591867668E-01
  1.946320770205E+02  4.830033430338E-01
  2.044405887014E+02  4.865778272020E-01
  2.147548711742E+02  4.901827295480E-01
  2.256010042462E+02  4.938181462594E-01
  2.370064125163E+02  4.974841793120E-01
  2.489999347185E+02  5.011809363482E-01
  2.616118966413E+02  5.049085305579E-01
  2.748741878063E+02  5.086670805615E-01
  2.888203421021E+02  5.124567102959E-01
  3.034856225744E+02  5.162775489026E-01
  3.189071105897E+02  5.201297306186E-01
  3.351237995957E+02  5.240133946708E-01
  3.521766937171E+02  5.279286851722E-01
  3.701089114347E+02  5.318757510225E-01
  3.889657946114E+02  5.358547458103E-01
  4.087950231396E+02  5.398658277191E-01
  4.296467355004E+02  5.439091594365E-01
  4.515736555398E+02  5.479849080662E-01
  4.746312257811E+02  5.520932450427E-01
  4.988777476127E+02  5.562343460499E-01
  5.243745287036E+02  5.604083909417E-01
  5.511860380208E+02  5.646155636665E-01
  5.793800688399E+02  5.688560521943E-01
  6.090279101614E+02  5.731300484460E-01
  6.402045269662E+02  5.774377482271E-01
  6.729887497651E+02  5.817793511627E-01
  7.074634739232E+02  5.861550606359E-01
  7.437158692619E+02  5.905650837290E-01
  7.818376004689E+02  5.950096311672E-01
  8.219250588739E+02  5.994889172649E-01
  8.640796061752E+02  6.040031598741E-01
  9.084078307342E+02  6.085525803362E-01
  9.550218170857E+02  6.131374034352E-01
  1.004039429345E+03  6.177578573538E-01
  1.055584609229E+03  6.224141736317E-01
  1.109787689444E+03  6.271065871257E-01
  1.166785723237E+03  6.318353359728E-01
  1.226722830931E+03  6.366006615545E-01
  1.289750564339E+03  6.414028084635E-01
  1.356028289967E+03  6.462420244727E-01
  1.425723591968E+03  6.511185605053E-01
  1.499012695886E+03  6.560326706076E-01
  1.576080914245E+03  6.609846119233E-01
  1.657123115109E+03  6.659746446695E-01
  1.742344214817E+03  6.710030321141E-01
  1.831959696108E+03  6.760700405559E-01
  1.926196152978E+03  6.811759393053E-01
  2.025291863623E+03  6.863210006668E-01
  2.129497392933E+03  6.915054999236E-01
  2.239076226042E+03  6.967297153231E-01
  2.354305434561E+03  7.019939280641E-01
  2.475476377151E+03  7.072984222862E-01
  2.602895436233E+03  7.126434850601E-01
  2.736884792677E+03  7.180294063822E-01
  2.877783240441E+03  7.234564791733E-01
  3.025947043218E+03  7.289249992836E-01
  3.181750835252E+03  7.344352654949E-01
  3.345588568607E+03  7.399875794485E-01
  3.517874509278E+03  7.455822451541E-01
  3.699044284673E+03  7.512195666315E-01
  3.889555985097E+03  7.568998382827E-01
  4.089891322046E+03  7.626233080282E-01
  4.300556846216E+03  7.683900507543E-01
  4.522085228326E+03  7.741994929278E-01
  4.755036605984E+03  7.800493552989E-01
  5.000000000000E+03  7.859303116423E-01
