  7.400000000000E-02  0.000000000000E+00
  7.475000000000E-02  0.000000000000E+00
  7.550000000000E-02  0.000000000000E+00
  7.625000000000E-02  0.000000000000E+00
  7.700000000000E-02  0.000000000000E+00
  7.775000000000E-02  0.000000000000E+00
  7.850000000000E-02  0.000000000000E+00
  7.925000000000E-02  0.000000000000E+00
  8.000000000000E-02  0.000000000000E+00
  8.075000000000E-02  0.000000000000E+00
  8.155057911714E-02  0.000000000000E+00
  8.240514834755E-02  0.000000000000E+00
  8.331734872090E-02  0.000000000000E+00
  8.429106681365E-02  0.000000000000E+00
  8.533045130836E-02  0.000000000000E+00
  8.643993066989E-02  0.000000000000E+00
  8.762423201355E-02  0.000000000000E+00
  8.888840124573E-02  0.000000000000E+00
  9.023782456282E-02  5.195167482350E+00
  9.167825139995E-02  5.441173222605E+00
  9.321581892739E-02  5.605003629522E+00
  9.485707819895E-02  5.708483064356E+00
  9.660902206378E-02  5.765183955533E+00
  9.847911496056E-02  0.000000000000E+00
  1.004753247209E-01  0.000000000000E+00
  1.026061565177E-01  5.734178732069E+00
  1.048806891026E-01  5.673740621521E+00
  1.073086134876E-01  5.594051205080E+00
  1.099002742350E-01  5.497648343762E+00
  1.126667135325E-01  5.386684675594E+00
  1.156197182397E-01  5.263029107776E+00
  1.187718701083E-01  5.128338353329E+00
  1.221365993884E-01  4.984108086426E+00
  1.257282420503E-01  4.831709789905E+00
  1.295621008655E-01  4.672417278379E+00
  1.336545106062E-01  4.507425592579E+00
  1.380229076425E-01  4.337864146234E+00
  1.426859042326E-01  4.164805480941E+00
  1.476633678238E-01  3.989270638911E+00
  1.529765057003E-01  3.812231932693E+00
  1.586479553410E-01  3.634613734263E+00
  1.647018808693E-01  3.457291796769E+00
  1.711640760088E-01  3.281091543646E+00
  1.780620739817E-01  3.106785699898E+00
  1.854252648179E-01  2.935091591533E+00
  1.932850205766E-01  2.766668395937E+00
  2.016748290116E-01  2.602114585316E+00
  2.106304362515E-01  2.441965765090E+00
  2.201899991016E-01  2.286693068701E+00
  2.303942476173E-01  2.136702229433E+00
  2.412866586410E-01  1.992333409324E+00
  2.529136410423E-01  1.853861825857E+00
  2.653247334501E-01  1.721499180109E+00
  2.785728153202E-01  1.595395856426E+00
  2.927143322368E-01  1.475643834669E+00
  3.078095364076E-01  1.362280232344E+00
  3.239227433785E-01  1.255291376062E+00
  3.411226060600E-01  1.154617289928E+00
  3.594824072340E-01  1.060156482600E+00
  3.790803717871E-01  9.717709143119E-01
  4.000000000000E-01  9.789170932114E-01
  4.287500000000E-01  8.725693364156E-01
  4.575000000000E-01  7.829458630767E-01
  4.862500000000E-01  7.066991693339E-01
  5.150000000000E-01  6.412769177108E-01
  5.437500000000E-01  5.847094871021E-01
  5.725000000000E-01  5.354566934504E-01
  6.012500000000E-01  4.923001477476E-01
  6.300000000000E-01  4.542657513102E-01
  6.587500000000E-01  4.205671326502E-01
  6.875000000000E-01  3.905637922824E-01
  7.162500000000E-01  3.637297461855E-01
  7.450000000000E-01  3.396297635384E-01
  7.737500000000E-01  3.179011677366E-01
  8.025000000000E-01  2.982397605207E-01
  8.312500000000E-01  2.803888350089E-01
  8.600000000000E-01  2.641305263830E-01
  8.887500000000E-01  2.492789484393E-01
  9.175000000000E-01  2.356747064026E-01
  9.462500000000E-01  2.231804792352E-01
  9.750000000000E-01  2.116774394933E-01
  1.003750000000E+00  2.010623339050E-01
  1.032500000000E+00  1.912450887825E-01
  1.061250000000E+00  1.821468350236E-01
  1.090000000000E+00  1.736982706360E-01
  1.118750000000E+00  1.658382963663E-01
  1.147500000000E+00  1.585128735253E-01
  1.176250000000E+00  1.516740635416E-01
  1.205000000000E+00  1.452792168958E-01
  1.233750000000E+00  1.392902854243E-01
  1.262500000000E+00  1.336732369671E-01
  1.291250000000E+00  1.283975552894E-01
  1.320000000000E+00  1.234358113490E-01
  1.348750000000E+00  1.187632944908E-01
  1.377500000000E+00  1.143576941682E-01
  1.406250000000E+00  1.101988244178E-01
  1.435000000000E+00  1.062683846380E-01
  1.463750000000E+00  1.025497512950E-01
  1.492500000000E+00  9.902779606233E-02
  1.521250000000E+00  9.568872662125E-02
  1.550000000000E+00  9.251994694425E-02
  1.578750000000E+00  8.950993438032E-02
  1.607500000000E+00  8.664813126854E-02
  1.636250000000E+00  8.392484914448E-02
  1.665000000000E+00  8.133118389082E-02
  1.693750000000E+00  7.885894042417E-02
  1.722500000000E+00  7.650056571019E-02
  1.751250000000E+00  7.424908906840E-02
  1.780000000000E+00  7.209806887228E-02
  1.808750000000E+00  7.004154487263E-02
  1.837500000000E+00  6.807399547477E-02
  1.866250000000E+00  6.619029938758E-02
  1.895000000000E+00  6.438570114007E-02
  1.923750000000E+00  6.265578002486E-02
  1.952500000000E+00  6.099642208387E-02
  1.981250000000E+00  5.940379480024E-02
  2.010000000000E+00  5.787432420122E-02
  2.038750000000E+00  5.640467411085E-02
  2.067500000000E+00  5.499172732545E-02
  2.096250000000E+00  5.363256851084E-02
  2.125000000000E+00  5.232446864191E-02
  2.153750000000E+00  5.106487082835E-02
  2.182500000000E+00  4.985137738650E-02
  2.211250000000E+00  4.868173803360E-02
  2.240000000000E+00  4.755383909467E-02
  2.268750000000E+00  4.646569362381E-02
  2.297500000000E+00  4.541543235285E-02
  2.326250000000E+00  4.440129538840E-02
  2.355000000000E+00  4.342162458595E-02
  2.383750000000E+00  4.247485653684E-02
  2.412500000000E+00  4.155951611181E-02
  2.441250000000E+00  4.067421051622E-02
  2.470000000000E+00  3.981762381098E-02
  2.498750000000E+00  3.898851185547E-02
  2.527500000000E+00  3.818569763605E-02
  2.556250000000E+00  3.740806694684E-02
  2.585000000000E+00  3.665456439212E-02
  2.613750000000E+00  3.592418968354E-02
  2.642500000000E+00  3.521599420710E-02
  2.671250000000E+00  3.452907783807E-02
  2.700000000000E+00  3.386258598312E-02
  2.728750000000E+00  3.321570683164E-02
  2.757500000000E+00  3.258766879921E-02
  2.786250000000E+00  3.197773814818E-02
  2.815000000000E+00  3.138521677133E-02
  2.843750000000E+00  3.080944012596E-02
  2.872500000000E+00  3.024977530683E-02
  2.901250000000E+00  2.970561924740E-02
  2.930000000000E+00  2.917639703960E-02
  2.958750000000E+00  2.866156036336E-02
  2.987500000000E+00  2.816058601765E-02
  3.016250000000E+00  2.767297454569E-02
  3.045000000000E+00  2.719824894744E-02
  3.073750000000E+00  2.673595347303E-02
  3.102500000000E+00  2.628565249147E-02
  3.131250000000E+00  2.584692942911E-02
  3.160000000000E+00  2.541938577324E-02
  3.188750000000E+00  2.500264013604E-02
  3.217500000000E+00  2.459632737485E-02
  3.246250000000E+00  2.420009776490E-02
  3.275000000000E+00  2.381361622093E-02
  3.303750000000E+00  2.343656156446E-02
  3.332500000000E+00  2.306862583357E-02
  3.361250000000E+00  2.270951363247E-02
  3.390000000000E+00  2.235894151832E-02
  3.418750000000E+00  2.201663742261E-02
  3.447500000000E+00  2.168234010529E-02
  3.476250000000E+00  2.135579863913E-02
  3.505000000000E+00  2.103677192268E-02
  3.533750000000E+00  2.072502821998E-02
  3.562500000000E+00  2.042034472523E-02
  3.591250000000E+00  2.012250715104E-02
  3.620000000000E+00  1.983130933868E-02
  3.648750000000E+00  1.954655288908E-02
  3.677500000000E+00  1.926804681327E-02
  3.706250000000E+00  1.899560720116E-02
  3.735000000000E+00  1.872905690744E-02
  3.763750000000E+00  1.846822525377E-02
  3.792500000000E+00  1.821294774614E-02
  3.821250000000E+00  1.796306580660E-02
  3.850000000000E+00  1.771842651856E-02
  3.878750000000E+00  1.747888238474E-02
  3.907500000000E+00  1.724429109727E-02
  3.936250000000E+00  1.701451531900E-02
  3.965000000000E+00  1.678942247566E-02
  3.993750000000E+00  1.656888455796E-02
  4.022500000000E+00  1.635277793344E-02
  4.051250000000E+00  1.614098316715E-02
  4.080000000000E+00  1.593338485102E-02
  4.108750000000E+00  1.572987144119E-02
  4.137500000000E+00  1.553033510306E-02
  4.166250000000E+00  1.533467156351E-02
  4.195000000000E+00  1.514277997000E-02
  4.223750000000E+00  1.495456275612E-02
  4.252500000000E+00  1.476992551333E-02
  4.281250000000E+00  1.458877686849E-02
  4.310000000000E+00  1.441102836693E-02
  4.338750000000E+00  1.423659436074E-02
  4.367500000000E+00  1.406539190208E-02
  4.396250000000E+00  1.389734064113E-02
  4.425000000000E+00  1.373236272861E-02
  4.453750000000E+00  1.357038272251E-02
  4.482500000000E+00  1.341132749886E-02
  4.511250000000E+00  1.325512616638E-02
  4.540000000000E+00  1.310170998478E-02
  4.568750000000E+00  1.295101228650E-02
  4.597500000000E+00  1.280296840182E-02
  4.626250000000E+00  1.265751558709E-02
  4.655000000000E+00  1.251459295593E-02
  4.683750000000E+00  1.237414141337E-02
  4.712500000000E+00  1.223610359264E-02
  4.741250000000E+00  1.210042379455E-02
  4.770000000000E+00  1.196704792941E-02
  4.798750000000E+00  1.183592346125E-02
  4.827500000000E+00  1.170699935431E-02
  4.856250000000E+00  1.158022602166E-02
  4.885000000000E+00  1.145555527589E-02
  4.913750000000E+00  1.133294028176E-02
  4.942500000000E+00  1.121233551062E-02
  4.971250000000E+00  1.109369669696E-02
  5.000000000000E+00  1.097698079542E-02
  5.030232478763E+00  1.085627478070E-02
  5.062023879535E+00  1.073153642362E-02
  5.095454587316E+00  1.060273204055E-02
  5.130609132117E+00  1.046983730720E-02
  5.167576402695E+00  1.033283808271E-02
  5.206449871311E+00  1.019173123564E-02
  5.247327830073E+00  1.004652546432E-02
  5.290313639469E+00  9.897242102396E-03
  5.335515989720E+00  9.743915900030E-03
  5.383049175599E+00  9.586595769976E-03
  5.433033385431E+00  9.425345487388E-03
  5.485595004987E+00  9.260244331333E-03
  5.540866937056E+00  9.091387655606E-03
  5.598988937492E+00  8.918887376082E-03
  5.660107968582E+00  8.742872361720E-03
  5.724378570651E+00  8.563488716407E-03
  5.791963252814E+00  8.380899939197E-03
  5.863032903882E+00  8.195286951093E-03
  5.937767224461E+00  8.006847977458E-03
  6.016355181325E+00  7.815798276351E-03
  6.098995485218E+00  7.622369704619E-03
  6.185897093304E+00  7.426810115438E-03
  6.277279737511E+00  7.229382583129E-03
  6.373374480132E+00  7.030364453519E-03
  6.474424298065E+00  6.830046220769E-03
  6.580684697186E+00  6.628730234486E-03
  6.692424358397E+00  6.426729243917E-03
  6.809925816991E+00  6.224364789145E-03
  6.933486177048E+00  6.021965452295E-03
  7.063417862663E+00  5.819864984765E-03
  7.200049407918E+00  5.618400329401E-03
  7.343726287582E+00  5.417909559100E-03
  7.494811790651E+00  5.218729755669E-03
  7.653687938929E+00  5.021194854618E-03
  7.820756452977E+00  4.825633482988E-03
  7.996439767863E+00  4.632366818189E-03
  8.181182101303E+00  4.441706496110E-03
  8.375450576866E+00  4.253952596459E-03
  8.579736405106E+00  4.069391732378E-03
  8.794556125590E+00  3.888295269820E-03
  9.020452912983E+00  3.710917700119E-03
  9.257997950464E+00  3.537495186552E-03
  9.507791873978E+00  3.368244302595E-03
  9.770466290947E+00  3.203360976203E-03
  1.004668537730E+01  3.043019650648E-03
  1.033714755686E+01  2.887372668623E-03
  1.064258726730E+01  2.736549882338E-03
  1.096377681720E+01  2.590658488409E-03
  1.130152833880E+01  2.449783082581E-03
  1.165669584156E+01  2.313985925776E-03
  1.203017737146E+01  2.183307409737E-03
  1.242291728176E+01  2.057766707708E-03
  1.283590862082E+01  1.937362593207E-03
  1.327019564299E+01  1.822074408022E-03
  1.372687644909E+01  1.711863159184E-03
  1.420710576289E+01  1.606672723754E-03
  1.471209785093E+01  1.506431139845E-03
  1.524312959276E+01  1.411051962385E-03
  1.580154370954E+01  1.320435662608E-03
  1.638875215916E+01  1.234471051115E-03
  1.700623970640E+01  1.153036705592E-03
  1.765556767714E+01  1.076002385693E-03
  1.833837790621E+01  1.003230419318E-03
  1.905639688881E+01  9.345770463144E-04
  1.981144014598E+01  8.698937075752E-04
  2.060541681511E+01  8.090282694291E-04
  2.144033447731E+01  7.518261751941E-04
  2.231830423355E+01  6.981315176244E-04
  2.324154604261E+01  6.477880277879E-04
  2.421239433430E+01  6.006399775815E-04
  2.523330391207E+01  5.565329946211E-04
  2.630685616005E+01  5.153147896167E-04
  2.743576557009E+01  4.768357975478E-04
  2.862288660539E+01  4.409497349903E-04
  2.987122091806E+01  4.075140768084E-04
  3.118392493885E+01  3.763904561285E-04
  3.256431785820E+01  3.474449920547E-04
  3.401589001888E+01  3.205485499857E-04
  3.554231174136E+01  2.955769396613E-04
  3.714744260428E+01  2.724110562146E-04
  3.883534120345E+01  2.509369695526E-04
  4.061027541403E+01  2.310459673441E-04
  4.247673318196E+01  2.126345567744E-04
  4.443943387176E+01  1.956044300479E-04
  4.650334019954E+01  1.798623983890E-04
  4.867367078126E+01  1.653202990279E-04
  5.095591332810E+01  1.518948793657E-04
  5.335583852220E+01  1.395076622014E-04
  5.587951460793E+01  1.280847955900E-04
  5.853332273550E+01  1.175568905742E-04
  6.132397309582E+01  1.078588497206E-04
  6.425852188729E+01  9.892968907837E-05
  6.734438915749E+01  9.071235588399E-05
  7.058937756492E+01  8.315354405079E-05
  7.400169210806E+01  7.620350921885E-05
  7.758996087189E+01  6.981588489152E-05
  8.136325684406E+01  6.394750095691E-05
  8.533112085614E+01  5.855820568325E-05
  8.950358570767E+01  5.361069208676E-05
  9.389120153429E+01  4.907032939922E-05
  9.850506248387E+01  4.490500020886E-05
  1.033568347683E+02  4.108494371227E-05
  1.084587861614E+02  3.758260539490E-05
  1.138238170187E+02  3.437249335299E-05
  1.194654928954E+02  3.143104137911E-05
  1.253980788479E+02  2.873647885571E-05
  1.316365755026E+02  2.626870743478E-05
  1.381967569854E+02  2.400918442642E-05
  1.450952108067E+02  2.194081277328E-05
  1.523493798033E+02  2.004783745010E-05
  1.599776062428E+02  1.831574809810E-05
  1.679991782024E+02  1.673118768026E-05
  1.764343783386E+02  1.528186692656E-05
  1.853045351728E+02  1.395648432536E-05
  1.946320770205E+02  1.274465140936E-05
  2.044405887014E+02  1.163682307982E-05
  2.147548711742E+02  1.062423271172E-05
  2.256010042462E+02  9.698831783623E-06
  2.370064125163E+02  8.853233779489E-06
  2.489999347185E+02  8.080662115040E-06
  2.616118966413E+02  7.374901847698E-06
  2.748741878063E+02  6.730254936953E-06
  2.888203421021E+02  6.141498830540E-06
  3.034856225744E+02  5.603848160952E-06
  3.189071105897E+02  5.112919346367E-06
  3.351237995957E+02  4.664697899934E-06
  3.521766937171E+02  4.255508261210E-06
  3.701089114347E+02  3.881985973530E-06
  3.889657946114E+02  3.541052040842E-06
  4.087950231396E+02  3.229889307202E-06
  4.296467355004E+02  2.945920711507E-06
  4.515736555398E+02  2.686789279140E-06
  4.746312257811E+02  2.450339720971E-06
  4.988777476127E+02  2.234601518581E-06
  5.243745287036E+02  2.037773382630E-06
  5.511860380208E+02  1.858208978942E-06
  5.793800688399E+02  1.694403824157E-06
  6.090279101614E+02  1.544983259714E-06
  6.402045269662E+02  1.408691419393E-06
  6.729887497651E+02  1.284381111799E-06
  7.074634739232E+02  1.171004544922E-06
  7.437158692619E+02  1.067604825288E-06
  7.818376004689E+02  9.733081693053E-07
  8.219250588739E+02  8.873167690979E-07
  8.640796061752E+02  8.089022595516E-07
  9.084078307342E+02  7.373997373946E-07
  9.550218170857E+02  6.722022869606E-07
  1.004039429345E+03  6.127559708345E-07
  1.055584609229E+03  5.585552468762E-07
  1.109787689444E+03  5.091387761809E-07
  1.166785723237E+03  4.640855893613E-07
  1.226722830931E+03  4.230115811649E-07
  1.289750564339E+03  3.855663058595E-07
  1.356028289967E+03  3.514300480619E-07
  1.425723591968E+03  3.203111457531E-07
  1.499012695886E+03  2.919435441313E-07
  1.576080914245E+03  2.660845607099E-07
  1.657123115109E+03  2.425128436931E-07
  1.742344214817E+03  2.210265071501E-07
  1.831959696108E+03  2.014414278832E-07
  1.926196152978E+03  1.835896901476E-07
  2.025291863623E+03  1.673181655439E-07
  2.129497392933E+03  1.524872164678E-07
  2.239076226042E+03  1.389695124839E-07
  2.354305434561E+03  1.266489498889E-07
  2.475476377151E+03  1.154196655562E-07
  2.602895436233E+03  1.051851369090E-07
  2.736884792677E+03  9.585736056509E-08
  2.877783240441E+03  8.735610283194E-08
  3.025947043218E+03  7.960821581677E-08
  3.181750835252E+03  7.254701346374E-08
  3.345588568607E+03  6.611170237853E-08
  3.517874509278E+03  6.024686296495E-08
  3.699044284673E+03  5.490197756003E-08
  3.889555985097E+03  5.003100496013E-08
  4.089891322046E+03  4.559200885226E-08
  4.300556846216E+03  4.154686647124E-08
  4.522085228326E+03  3.786117565522E-08
  4.755036605984E+03  3.450435914850E-08
  5.000000000000E+03  3.145163065145E-08
