  7.400000000000E-02  0.000000000000E+00
  7.475000000000E-02  0.000000000000E+00
  7.550000000000E-02  0.000000000000E+00
  7.625000000000E-02  0.000000000000E+00
  7.700000000000E-02  0.000000000000E+00
  7.775000000000E-02  0.000000000000E+00
  7.850000000000E-02  0.000000000000E+00
  7.925000000000E-02  0.000000000000E+00
  8.000000000000E-02  0.000000000000E+00
  8.075000000000E-02  0.000000000000E+00
  8.155057911714E-02  0.000000000000E+00
  8.240514834755E-02  0.000000000000E+00
  8.331734872090E-02  0.000000000000E+00
  8.429106681365E-02  0.000000000000E+00
  8.533045130836E-02  0.000000000000E+00
  8.643993066989E-02  0.000000000000E+00
  8.762423201355E-02  0.000000000000E+00
  8.888840124573E-02  0.000000000000E+00
  9.023782456282E-02  0.000000000000E+00
  9.167825139995E-02  0.000000000000E+00
  9.321581892739E-02  0.000000000000E+00
  9.485707819895E-02  0.000000000000E+00
  9.660902206378E-02  0.000000000000E+00
  9.847911496056E-02  0.000000000000E+00
  1.004753247209E-01  0.000000000000E+00
  1.026061565177E-01  0.000000000000E+00
  1.048806891026E-01  0.000000000000E+00
  1.073086134876E-01  0.000000000000E+00
  1.099002742350E-01  0.000000000000E+00
  1.126667135325E-01  0.000000000000E+00
  1.156197182397E-01  0.000000000000E+00
  1.187718701083E-01  0.000000000000E+00
  1.221365993884E-01  0.000000000000E+00
  1.257282420503E-01  0.000000000000E+00
  1.295621008655E-01  0.000000000000E+00
  1.336545106062E-01  0.000000000000E+00
  1.380229076425E-01  0.000000000000E+00
  1.426859042326E-01  0.000000000000E+00
  1.476633678238E-01  0.000000000000E+00
  1.529765057003E-01  0.000000000000E+00
  1.586479553410E-01  0.000000000000E+00
  1.647018808693E-01  0.000000000000E+00
  1.711640760088E-01  0.000000000000E+00
  1.780620739817E-01  0.000000000000E+00
  1.854252648179E-01  0.000000000000E+00
  1.932850205766E-01  0.000000000000E+00
  2.016748290116E-01  0.000000000000E+00
  2.106304362515E-01  0.000000000000E+00
  2.201899991016E-01  0.000000000000E+00
  2.303942476173E-01  0.000000000000E+00
  2.412866586410E-01  0.000000000000E+00
  2.529136410423E-01  0.000000000000E+00
  2.653247334501E-01  0.000000000000E+00
  2.785728153202E-01  0.000000000000E+00
  2.927143322368E-01  0.000000000000E+00
  3.078095364076E-01  0.000000000000E+00
  3.239227433785E-01  0.000000000000E+00
  3.411226060600E-01  0.000000000000E+00
  3.594824072340E-01  0.000000000000E+00
  3.790803717871E-01  0.000000000000E+00
  4.000000000000E-01  2.008069961486E-01
  4.287500000000E-01  2.026871520936E-01
  4.575000000000E-01  2.044750079480E-01
  4.862500000000E-01  2.061796270692E-01
  5.150000000000E-01  2.078088706207E-01
  5.437500000000E-01  2.093695144462E-01
  5.725000000000E-01  2.108674544015E-01
  6.012500000000E-01  2.123078505720E-01
  6.300000000000E-01  2.136952448997E-01
  6.587500000000E-01  2.150336559716E-01
  6.875000000000E-01  2.163266564779E-01
  7.162500000000E-01  2.175774369055E-01
  7.450000000000E-01  2.187888582887E-01
  7.737500000000E-01  2.199634961871E-01
  8.025000000000E-01  2.211036775725E-01
  8.312500000000E-01  2.222115119459E-01
  8.600000000000E-01  2.232889177365E-01
  8.887500000000E-01  2.243376448087E-01
  9.175000000000E-01  2.253592937539E-01
  9.462500000000E-01  2.263553324915E-01
  9.750000000000E-01  2.273271106188E-01
  1.003750000000E+00  2.282758718742E-01
  1.032500000000E+00  2.292027649983E-01
  1.061250000000E+00  2.301088532325E-01
  1.090000000000E+00  2.309951226541E-01
  1.118750000000E+00  2.318624895198E-01
  1.147500000000E+00  2.327118067574E-01
  1.176250000000E+00  2.335438697146E-01
  1.205000000000E+00  2.343594212644E-01
  1.233750000000E+00  2.351591563563E-01
  1.262500000000E+00  2.359437260871E-01
  1.291250000000E+00  2.367137413458E-01
  1.320000000000E+00  2.374697760851E-01
  1.348750000000E+00  2.382123702632E-01
  1.377500000000E+00  2.389420324974E-01
  1.406250000000E+00  2.396592424650E-01
  1.435000000000E+00  2.403644530784E-01
  1.463750000000E+00  2.410580924568E-01
  1.492500000000E+00  2.417405657192E-01
  1.521250000000E+00  2.424122566173E-01
  1.550000000000E+00  2.430735290253E-01
  1.578750000000E+00  2.437247283022E-01
  1.607500000000E+00  2.443661825376E-01
  1.636250000000E+00  2.449982036953E-01
  1.665000000000E+00  2.456210886623E-01
  1.693750000000E+00  2.462351202137E-01
  1.722500000000E+00  2.468405679011E-01
  1.751250000000E+00  2.474376888725E-01
  1.780000000000E+00  2.480267286283E-01
  1.808750000000E+00  2.486079217209E-01
  1.837500000000E+00  2.491814924024E-01
  1.866250000000E+00  2.497476552244E-01
  1.895000000000E+00  2.503066155950E-01
  1.923750000000E+00  2.508585702965E-01
  1.952500000000E+00  2.514037079659E-01
  1.981250000000E+00  2.519422095426E-01
  2.010000000000E+00  2.524742486851E-01
  2.038750000000E+00  2.529999921607E-01
  2.067500000000E+00  2.535196002082E-01
  2.096250000000E+00  2.540332268784E-01
  2.125000000000E+00  2.545410203508E-01
  2.153750000000E+00  2.550431232320E-01
  2.182500000000E+00  2.555396728337E-01
  2.211250000000E+00  2.560308014346E-01
  2.240000000000E+00  2.565166365256E-01
  2.268750000000E+00  2.569973010403E-01
  2.297500000000E+00  2.574729135722E-01
  2.326250000000E+00  2.579435885782E-01
  2.355000000000E+00  2.584094365706E-01
  2.383750000000E+00  2.588705642987E-01
  2.412500000000E+00  2.593270749187E-01
  2.441250000000E+00  2.597790681553E-01
  2.470000000000E+00  2.602266404535E-01
  2.498750000000E+00  2.606698851225E-01
  2.527500000000E+00  2.611088924713E-01
  2.556250000000E+00  2.615437499373E-01
  2.585000000000E+00  2.619745422083E-01
  2.613750000000E+00  2.624013513376E-01
  2.642500000000E+00  2.628242568530E-01
  2.671250000000E+00  2.632433358609E-01
  2.700000000000E+00  2.636586631444E-01
  2.728750000000E+00  2.640703112567E-01
  2.757500000000E+00  2.644783506097E-01
  2.786250000000E+00  2.648828495588E-01
  2.815000000000E+00  2.652838744823E-01
  2.843750000000E+00  2.656814898583E-01
  2.872500000000E+00  2.660757583374E-01
  2.901250000000E+00  2.664667408111E-01
  2.930000000000E+00  2.668544964788E-01
  2.958750000000E+00  2.672390829097E-01
  2.987500000000E+00  2.676205561032E-01
  3.016250000000E+00  2.679989705461E-01
  3.045000000000E+00  2.683743792671E-01
  3.073750000000E+00  2.687468338888E-01
  3.102500000000E+00  2.691163846779E-01
  3.131250000000E+00  2.694830805924E-01
  3.160000000000E+00  2.698469693274E-01
  3.188750000000E+00  2.702080973589E-01
  3.217500000000E+00  2.705665099850E-01
  3.246250000000E+00  2.709222513662E-01
  3.275000000000E+00  2.712753645634E-01
  3.303750000000E+00  2.716258915746E-01
  3.332500000000E+00  2.719738733697E-01
  3.361250000000E+00  2.723193499247E-01
  3.390000000000E+00  2.726623602537E-01
  3.418750000000E+00  2.730029424397E-01
  3.447500000000E+00  2.733411336648E-01
  3.476250000000E+00  2.736769702384E-01
  3.505000000000E+00  2.740104876247E-01
  3.533750000000E+00  2.743417204693E-01
  3.562500000000E+00  2.746707026241E-01
  3.591250000000E+00  2.749974671719E-01
  3.620000000000E+00  2.753220464501E-01
  3.648750000000E+00  2.756444720724E-01
  3.677500000000E+00  2.759647749515E-01
  3.706250000000E+00  2.762829853192E-01
  3.735000000000E+00  2.765991327468E-01
  3.763750000000E+00  2.769132461643E-01
  3.792500000000E+00  2.772253538794E-01
  3.821250000000E+00  2.775354835949E-01
  3.850000000000E+00  2.778436624263E-01
  3.878750000000E+00  2.781499169186E-01
  3.907500000000E+00  2.784542730625E-01
  3.936250000000E+00  2.787567563096E-01
  3.965000000000E+00  2.790573915878E-01
  3.993750000000E+00  2.793562033156E-01
  4.022500000000E+00  2.796532154158E-01
  4.051250000000E+00  2.799484513294E-01
  4.080000000000E+00  2.802419340283E-01
  4.108750000000E+00  2.805336860286E-01
  4.137500000000E+00  2.808237294021E-01
  4.166250000000E+00  2.811120857883E-01
  4.195000000000E+00  2.813987764059E-01
  4.223750000000E+00  2.816838220636E-01
  4.252500000000E+00  2.819672431711E-01
  4.281250000000E+00  2.822490597493E-01
  4.310000000000E+00  2.825292914401E-01
  4.338750000000E+00  2.828079575165E-01
  4.367500000000E+00  2.830850768915E-01
  4.396250000000E+00  2.833606681275E-01
  4.425000000000E+00  2.836347494450E-01
  4.453750000000E+00  2.839073387309E-01
  4.482500000000E+00  2.841784535470E-01
  4.511250000000E+00  2.844481111378E-01
  4.540000000000E+00  2.847163284380E-01
  4.568750000000E+00  2.849831220806E-01
  4.597500000000E+00  2.852485084030E-01
  4.626250000000E+00  2.855125034553E-01
  4.655000000000E+00  2.857751230059E-01
  4.683750000000E+00  2.860363825491E-01
  4.712500000000E+00  2.862962973107E-01
  4.741250000000E+00  2.865548822549E-01
  4.770000000000E+00  2.868121520903E-01
  4.798750000000E+00  2.870681212757E-01
  4.827500000000E+00  2.873228040262E-01
  4.856250000000E+00  2.875762143188E-01
  4.885000000000E+00  2.878283658981E-01
  4.913750000000E+00  2.880792722812E-01
  4.942500000000E+00  2.883289467629E-01
  4.971250000000E+00  2.885774024198E-01
  5.000000000000E+00  2.888246521172E-01
  5.030232478763E+00  2.890833641604E-01
  5.062023879535E+00  2.893540090754E-01
  5.095454587316E+00  2.896370711298E-01
  5.130609132117E+00  2.899330482323E-01
  5.167576402695E+00  2.902424517778E-01
  5.206449871311E+00  2.905658064359E-01
  5.247327830073E+00  2.909036498803E-01
  5.290313639469E+00  2.912565324531E-01
  5.335515989720E+00  2.916250167645E-01
  5.383049175599E+00  2.920096772214E-01
  5.433033385431E+00  2.924110994848E-01
  5.485595004987E+00  2.928298798528E-01
  5.540866937056E+00  2.932666245670E-01
  5.598988937492E+00  2.937219490425E-01
  5.660107968582E+00  2.941964770184E-01
  5.724378570651E+00  2.946908396312E-01
  5.791963252814E+00  2.952056744098E-01
  5.863032903882E+00  2.957416241944E-01
  5.937767224461E+00  2.962993359811E-01
  6.016355181325E+00  2.968794596950E-01
  6.098995485218E+00  2.974826468959E-01
  6.185897093304E+00  2.981095494219E-01
  6.277279737511E+00  2.987608179746E-01
  6.373374480132E+00  2.994371006550E-01
  6.474424298065E+00  3.001390414557E-01
  6.580684697186E+00  3.008672787182E-01
  6.692424358397E+00  3.016224435653E-01
  6.809925816991E+00  3.024051583168E-01
  6.933486177048E+00  3.032160349003E-01
  7.063417862663E+00  3.040556732677E-01
  7.200049407918E+00  3.049246598291E-01
  7.343726287582E+00  3.058235659152E-01
  7.494811790651E+00  3.067529462807E-01
  7.653687938929E+00  3.077133376611E-01
  7.820756452977E+00  3.087052573930E-01
  7.996439767863E+00  3.097292021110E-01
  8.181182101303E+00  3.107856465311E-01
  8.375450576866E+00  3.118750423313E-01
  8.579736405106E+00  3.129978171381E-01
  8.794556125590E+00  3.141543736284E-01
  9.020452912983E+00  3.153450887533E-01
  9.257997950464E+00  3.165703130900E-01
  9.507791873978E+00  3.178303703268E-01
  9.770466290947E+00  3.191255568852E-01
  1.004668537730E+01  3.204561416796E-01
  1.033714755686E+01  3.218223660167E-01
  1.064258726730E+01  3.232244436338E-01
  1.096377681720E+01  3.246625608721E-01
  1.130152833880E+01  3.261368769830E-01
  1.165669584156E+01  3.276475245629E-01
  1.203017737146E+01  3.291946101087E-01
  1.242291728176E+01  3.307782146884E-01
  1.283590862082E+01  3.323983947186E-01
  1.327019564299E+01  3.340551828402E-01
  1.372687644909E+01  3.357485888819E-01
  1.420710576289E+01  3.374786009034E-01
  1.471209785093E+01  3.392451863065E-01
  1.524312959276E+01  3.410482930046E-01
  1.580154370954E+01  3.428878506400E-01
  1.638875215916E+01  3.447637718384E-01
  1.700623970640E+01  3.466759534905E-01
  1.765556767714E+01  3.486242780511E-01
  1.833837790621E+01  3.506086148468E-01
  1.905639688881E+01  3.526288213815E-01
  1.981144014598E+01  3.546847446344E-01
  2.060541681511E+01  3.567762223397E-01
  2.144033447731E+01  3.589030842437E-01
  2.231830423355E+01  3.610651533312E-01
  2.324154604261E+01  3.632622470164E-01
  2.421239433430E+01  3.654941782936E-01
  2.523330391207E+01  3.677607568429E-01
  2.630685616005E+01  3.700617900888E-01
  2.743576557009E+01  3.723970842071E-01
  2.862288660539E+01  3.747664450795E-01
  2.987122091806E+01  3.771696791941E-01
  3.118392493885E+01  3.796065944900E-01
  3.256431785820E+01  3.820770011469E-01
  3.401589001888E+01  3.845807123184E-01
  3.554231174136E+01  3.871175448108E-01
  3.714744260428E+01  3.896873197066E-01
  3.883534120345E+01  3.922898629358E-01
  4.061027541403E+01  3.949250057945E-01
  4.247673318196E+01  3.975925854139E-01
  4.443943387176E+01  4.002924451809E-01
  4.650334019954E+01  4.030244351124E-01
  4.867367078126E+01  4.057884121853E-01
  5.095591332810E+01  4.085842406253E-01
  5.335583852220E+01  4.114117921550E-01
  5.587951460793E+01  4.142709462057E-01
  5.853332273550E+01  4.171615900940E-01
  6.132397309582E+01  4.200836191651E-01
  6.425852188729E+01  4.230369369068E-01
  6.734438915749E+01  4.260214550349E-01
  7.058937756492E+01  4.290370935520E-01
  7.400169210806E+01  4.320837807839E-01
  7.758996087189E+01  4.351614533929E-01
  8.136325684406E+01  4.382700563720E-01
  8.533112085614E+01  4.414095430211E-01
  8.950358570767E+01  4.445798749063E-01
  9.389120153429E+01  4.477810218060E-01
  9.850506248387E+01  4.510129616424E-01
  1.033568347683E+02  4.542756804033E-01
  1.084587861614E+02  4.575691720523E-01
  1.138238170187E+02  4.608934384309E-01
  1.194654928954E+02  4.642484891536E-01
  1.253980788479E+02  4.676343414953E-01
  1.316365755026E+02  4.710510202745E-01
  1.381967569854E+02  4.744985577310E-01
  1.450952108067E+02  4.779769934010E-01
  1.523493798033E+02  4.814863739888E-01
  1.599776062428E+02  4.850267532364E-01
  1.679991782024E+02  4.885981917923E-01
  1.764343783386E+02  4.922007570786E-01
  1.853045351728E+02  4.958345231591E-01
  1.946320770205E+02  4.994995706061E-01
  2.044405887014E+02  5.031959863695E-01
  2.147548711742E+02  5.069238636456E-01
  2.256010042462E+02  5.106833017483E-01
  2.370064125163E+02  5.144744059814E-01
  2.489999347185E+02  5.182972875130E-01
  2.616118966413E+02  5.221520632524E-01
  2.748741878063E+02  5.260388557295E-01
  2.888203421021E+02  5.299577929758E-01
  3.034856225744E+02  5.339090084095E-01
  3.189071105897E+02  5.378926407223E-01
  3.351237995957E+02  5.419088337702E-01
  3.521766937171E+02  5.459577364662E-01
  3.701089114347E+02  5.500395026769E-01
  3.889657946114E+02  5.541542911218E-01
  4.087950231396E+02  5.583022652763E-01
  4.296467355004E+02  5.624835932769E-01
  4.515736555398E+02  5.666984478304E-01
  4.746312257811E+02  5.709470061262E-01
  4.988777476127E+02  5.752294497511E-01
  5.243745287036E+02  5.795459646079E-01
  5.511860380208E+02  5.838967408369E-01
  5.793800688399E+02  5.882819727400E-01
  6.090279101614E+02  5.927018587088E-01
  6.402045269662E+02  5.971566011541E-01
  6.729887497651E+02  6.016464064404E-01
  7.074634739232E+02  6.061714848209E-01
  7.437158692619E+02  6.107320503773E-01
  7.818376004689E+02  6.153283209612E-01
  8.219250588739E+02  6.199605181383E-01
  8.640796061752E+02  6.246288671356E-01
  9.084078307342E+02  6.293335967909E-01
  9.550218170857E+02  6.340749395045E-01
  1.004039429345E+03  6.388531311940E-01
  1.055584609229E+03  6.436684112506E-01
  1.109787689444E+03  6.485210224984E-01
  1.166785723237E+03  6.534112111558E-01
  1.226722830931E+03  6.583392267985E-01
  1.289750564339E+03  6.633053223253E-01
  1.356028289967E+03  6.683097539255E-01
  1.425723591968E+03  6.733527810487E-01
  1.499012695886E+03  6.784346663762E-01
  1.576080914245E+03  6.835556757940E-01
  1.657123115109E+03  6.887160783687E-01
  1.742344214817E+03  6.939161463238E-01
  1.831959696108E+03  6.991561550191E-01
  1.926196152978E+03  7.044363829305E-01
  2.025291863623E+03  7.097571116325E-01
  2.129497392933E+03  7.151186257817E-01
  2.239076226042E+03  7.205212131020E-01
  2.354305434561E+03  7.259651643717E-01
  2.475476377151E+03  7.314507734120E-01
  2.602895436233E+03  7.369783370776E-01
  2.736884792677E+03  7.425481552507E-01
  2.877783240441E+03  7.481605308400E-01
  3.025947043218E+03  7.538157697861E-01
  3.181750835252E+03  7.595141810631E-01
  3.345588568607E+03  7.652560766052E-01
  3.517874509278E+03  7.710417707982E-01
  3.699044284673E+03  7.768715780412E-01
  3.889555985097E+03  7.827458027898E-01
  4.089891322046E+03  7.886647014342E-01
  4.300556846216E+03  7.946283514248E-01
  4.522085228326E+03  8.006361596548E-01
  4.755036605984E+03  8.066857690585E-01
  5.000000000000E+03  8.127675349644E-01
