  7.400000000000E-02  7.056387145022E-17
  7.475000000000E-02  7.056387145022E-17
  7.550000000000E-02  7.056387145022E-17
  7.625000000000E-02  7.056387145022E-17
  7.700000000000E-02  7.056387145022E-17
  7.775000000000E-02  7.056387145022E-17
  7.850000000000E-02  7.056387145022E-17
  7.925000000000E-02  7.056387145022E-17
  8.000000000000E-02  7.056387145022E-17
  8.075000000000E-02  7.056387145022E-17
  8.155057911714E-02  7.056387145022E-17
  8.240514834755E-02  7.056387145022E-17
  8.331734872090E-02  7.056387145022E-17
  8.429106681365E-02  7.056387145022E-17
  8.533045130836E-02  7.056387145022E-17
  8.643993066989E-02  7.056387145022E-17
  8.762423201355E-02  7.056387145022E-17
  8.888840124573E-02  7.056387145022E-17
  9.023782456282E-02  7.056387145022E-17
  9.167825139995E-02  7.056387145022E-17
  9.321581892739E-02  7.056387145022E-17
  9.485707819895E-02  7.056387145022E-17
  9.660902206378E-02  7.056387145022E-17
  9.847911496056E-02  7.056387145022E-17
  1.004753247209E-01  7.056387145022E-17
  1.026061565177E-01  7.056387145022E-17
  1.048806891026E-01  7.056387145022E-17
  1.073086134876E-01  7.056387145022E-17
  1.099002742350E-01  7.056387145022E-17
  1.126667135325E-01  7.056387145022E-17
  1.156197182397E-01  7.056387145022E-17
  1.187718701083E-01  7.056387145022E-17
  1.221365993884E-01  7.056387145022E-17
  1.257282420503E-01  7.056387145022E-17
  1.295621008655E-01  7.056387145022E-17
  1.336545106062E-01  7.056387145022E-17
  1.380229076425E-01  7.056387145022E-17
  1.426859042326E-01  7.056387145022E-17
  1.476633678238E-01  7.056387145022E-17
  1.529765057003E-01  7.056387145022E-17
  1.586479553410E-01  7.056387145022E-17
  1.647018808693E-01  7.056387145022E-17
  1.711640760088E-01  7.056387145022E-17
  1.780620739817E-01  7.056387145022E-17
  1.854252648179E-01  7.056387145022E-17
  1.932850205766E-01  7.056387145022E-17
  2.016748290116E-01  7.056387145022E-17
  2.106304362515E-01  7.056387145022E-17
  2.201899991016E-01  7.056387145022E-17
  2.303942476173E-01  7.056387145022E-17
  2.412866586410E-01  7.056387145022E-17
  2.529136410423E-01  7.056387145022E-17
  2.653247334501E-01  7.056387145022E-17
  2.785728153202E-01  7.056387145022E-17
  2.927143322368E-01  7.056387145022E-17
  3.078095364076E-01  7.056387145022E-17
  3.239227433785E-01  7.056387145022E-17
  3.411226060600E-01  7.056387145022E-17
  3.594824072340E-01  7.056387145022E-17
  3.790803717871E-01  7.056387145022E-17
  4.000000000000E-01  7.056387145022E-17
  4.287500000000E-01  1.747536378387E-03
  4.575000000000E-01  3.075438076304E-03
  4.862500000000E-01  4.091168075030E-03
  5.150000000000E-01  4.871053735694E-03
  5.437500000000E-01  5.470213039999E-03
  5.725000000000E-01  5.929246768109E-03
  6.012500000000E-01  6.278519157275E-03
  6.300000000000E-01  6.541059544176E-03
  6.587500000000E-01  6.734548450904E-03
  6.875000000000E-01  6.872708474026E-03
  7.162500000000E-01  6.966294393950E-03
  7.450000000000E-01  7.023808925195E-03
  7.737500000000E-01  7.052027394311E-03
  8.025000000000E-01  7.056387145032E-03
  8.312500000000E-01  7.041279826134E-03
  8.600000000000E-01  7.010273114569E-03
  8.887500000000E-01  6.966280515973E-03
  9.175000000000E-01  6.911692615776E-03
  9.462500000000E-01  6.848479259610E-03
  9.750000000000E-01  6.778269766569E-03
  1.003750000000E+00  6.702416409593E-03
  1.032500000000E+00  6.622044858039E-03
  1.061250000000E+00  6.538094560531E-03
  1.090000000000E+00  6.451351312284E-03
  1.118750000000E+00  6.362473599741E-03
  1.147500000000E+00  6.272014023148E-03
  1.176250000000E+00  6.180436818710E-03
  1.205000000000E+00  6.088132244011E-03
  1.233750000000E+00  5.995428439008E-03
  1.262500000000E+00  5.902601251046E-03
  1.291250000000E+00  5.809882398819E-03
  1.320000000000E+00  5.717466275207E-03
  1.348750000000E+00  5.625515626328E-03
  1.377500000000E+00  5.534166311713E-03
  1.406250000000E+00  5.443531328063E-03
  1.435000000000E+00  5.353704208259E-03
  1.463750000000E+00  5.264761887223E-03
  1.492500000000E+00  5.176767131848E-03
  1.521250000000E+00  5.089770606341E-03
  1.550000000000E+00  5.003812625920E-03
  1.578750000000E+00  4.918924649066E-03
  1.607500000000E+00  4.835130561928E-03
  1.636250000000E+00  4.752447782967E-03
  1.665000000000E+00  4.670888205958E-03
  1.693750000000E+00  4.590459008152E-03
  1.722500000000E+00  4.511163345310E-03
  1.751250000000E+00  4.433000950157E-03
  1.780000000000E+00  4.355968648181E-03
  1.808750000000E+00  4.280060802624E-03
  1.837500000000E+00  4.205269698661E-03
  1.866250000000E+00  4.131585875270E-03
  1.895000000000E+00  4.058998410851E-03
  1.923750000000E+00  3.987495170045E-03
  1.952500000000E+00  3.917063019317E-03
  1.981250000000E+00  3.847688013364E-03
  2.010000000000E+00  3.779355555161E-03
  2.038750000000E+00  3.712050534302E-03
  2.067500000000E+00  3.645757446483E-03
  2.096250000000E+00  3.580460496612E-03
  2.125000000000E+00  3.516143687686E-03
  2.153750000000E+00  3.452790897271E-03
  2.182500000000E+00  3.390385943216E-03
  2.211250000000E+00  3.328912639967E-03
  2.240000000000E+00  3.268354846710E-03
  2.268750000000E+00  3.208696508383E-03
  2.297500000000E+00  3.149921690479E-03
  2.326250000000E+00  3.092014608431E-03
  2.355000000000E+00  3.034959652276E-03
  2.383750000000E+00  2.978741407211E-03
  2.412500000000E+00  2.923344670555E-03
  2.441250000000E+00  2.868754465599E-03
  2.470000000000E+00  2.814956052729E-03
  2.498750000000E+00  2.761934938196E-03
  2.527500000000E+00  2.709676880826E-03
  2.556250000000E+00  2.658167896950E-03
  2.585000000000E+00  2.607394263792E-03
  2.613750000000E+00  2.557342521527E-03
  2.642500000000E+00  2.507999474176E-03
  2.671250000000E+00  2.459352189521E-03
  2.700000000000E+00  2.411387998166E-03
  2.728750000000E+00  2.364094491870E-03
  2.757500000000E+00  2.317459521262E-03
  2.786250000000E+00  2.271471193035E-03
  2.815000000000E+00  2.226117866696E-03
  2.843750000000E+00  2.181388150955E-03
  2.872500000000E+00  2.137270899800E-03
  2.901250000000E+00  2.093755208337E-03
  2.930000000000E+00  2.050830408422E-03
  2.958750000000E+00  2.008486064143E-03
  2.987500000000E+00  1.966711967178E-03
  3.016250000000E+00  1.925498132069E-03
  3.045000000000E+00  1.884834791442E-03
  3.073750000000E+00  1.844712391187E-03
  3.102500000000E+00  1.805121585627E-03
  3.131250000000E+00  1.766053232695E-03
  3.160000000000E+00  1.727498389049E-03
  3.188750000000E+00  1.689448305042E-03
  3.217500000000E+00  1.651894419947E-03
  3.246250000000E+00  1.614828357572E-03
  3.275000000000E+00  1.578241921820E-03
  3.303750000000E+00  1.542127092133E-03
  3.332500000000E+00  1.506476019007E-03
  3.361250000000E+00  1.471281019593E-03
  3.390000000000E+00  1.436534573392E-03
  3.418750000000E+00  1.402229318018E-03
  3.447500000000E+00  1.368358045067E-03
  3.476250000000E+00  1.334913696059E-03
  3.505000000000E+00  1.301889358472E-03
  3.533750000000E+00  1.269278261847E-03
  3.562500000000E+00  1.237073773431E-03
  3.591250000000E+00  1.205269394188E-03
  3.620000000000E+00  1.173858756022E-03
  3.648750000000E+00  1.142835618816E-03
  3.677500000000E+00  1.112193866958E-03
  3.706250000000E+00  1.081927505958E-03
  3.735000000000E+00  1.052030659162E-03
  3.763750000000E+00  1.022497564535E-03
  3.792500000000E+00  9.933225714173E-04
  3.821250000000E+00  9.645001371344E-04
  3.850000000000E+00  9.360248241773E-04
  3.878750000000E+00  9.078912980418E-04
  3.907500000000E+00  8.800943247716E-04
  3.936250000000E+00  8.526287682261E-04
  3.965000000000E+00  8.254895874288E-04
  3.993750000000E+00  7.986718339704E-04
  4.022500000000E+00  7.721706495741E-04
  4.051250000000E+00  7.459812638438E-04
  4.080000000000E+00  7.200989920228E-04
  4.108750000000E+00  6.945192327615E-04
  4.137500000000E+00  6.692374660173E-04
  4.166250000000E+00  6.442492512539E-04
  4.195000000000E+00  6.195502254203E-04
  4.223750000000E+00  5.951361004793E-04
  4.252500000000E+00  5.710026612664E-04
  4.281250000000E+00  5.471457640905E-04
  4.310000000000E+00  5.235613351409E-04
  4.338750000000E+00  5.002453680103E-04
  4.367500000000E+00  4.771939213602E-04
  4.396250000000E+00  4.544031174737E-04
  4.425000000000E+00  4.318691405559E-04
  4.453750000000E+00  4.095882343826E-04
  4.482500000000E+00  3.875567002970E-04
  4.511250000000E+00  3.657708955068E-04
  4.540000000000E+00  3.442272314199E-04
  4.568750000000E+00  3.229221717458E-04
  4.597500000000E+00  3.018522308821E-04
  4.626250000000E+00  2.810139727069E-04
  4.655000000000E+00  2.604040092027E-04
  4.683750000000E+00  2.400189995092E-04
  4.712500000000E+00  2.198556491653E-04
  4.741250000000E+00  1.999107093670E-04
  4.770000000000E+00  1.801809762235E-04
  4.798750000000E+00  1.606632897244E-04
  4.827500000000E+00  1.413545321383E-04
  4.856250000000E+00  1.222516256269E-04
  4.885000000000E+00  1.033515291255E-04
  4.913750000000E+00  8.465123436432E-05
  4.942500000000E+00  6.614776200436E-05
  4.971250000000E+00  4.783815922452E-05
  5.000000000000E+00  2.971949963120E-05
  5.030232478763E+00  1.086934755241E-05
  5.062023879535E+00  7.056387145022E-17
  5.095454587316E+00  7.056387145022E-17
  5.130609132117E+00  7.056387145022E-17
  5.167576402695E+00  7.056387145022E-17
  5.206449871311E+00  7.056387145022E-17
  5.247327830073E+00  7.056387145022E-17
  5.290313639469E+00  7.056387145022E-17
  5.335515989720E+00  7.056387145022E-17
  5.383049175599E+00  7.056387145022E-17
  5.433033385431E+00  7.056387145022E-17
  5.485595004987E+00  7.056387145022E-17
  5.540866937056E+00  7.056387145022E-17
  5.598988937492E+00  7.056387145022E-17
  5.660107968582E+00  7.056387145022E-17
  5.724378570651E+00  7.056387145022E-17
  5.791963252814E+00  7.056387145022E-17
  5.863032903882E+00  7.056387145022E-17
  5.937767224461E+00  7.056387145022E-17
  6.016355181325E+00  7.056387145022E-17
  6.098995485218E+00  7.056387145022E-17
  6.185897093304E+00  7.056387145022E-17
  6.277279737511E+00  7.056387145022E-17
  6.373374480132E+00  7.056387145022E-17
  6.474424298065E+00  7.056387145022E-17
  6.580684697186E+00  7.056387145022E-17
  6.692424358397E+00  7.056387145022E-17
  6.809925816991E+00  7.056387145022E-17
  6.933486177048E+00  7.056387145022E-17
  7.063417862663E+00  7.056387145022E-17
  7.200049407918E+00  7.056387145022E-17
  7.343726287582E+00  7.056387145022E-17
  7.494811790651E+00  7.056387145022E-17
  7.653687938929E+00  7.056387145022E-17
  7.820756452977E+00  7.056387145022E-17
  7.996439767863E+00  7.056387145022E-17
  8.181182101303E+00  7.056387145022E-17
  8.375450576866E+00  7.056387145022E-17
  8.579736405106E+00  7.056387145022E-17
  8.794556125590E+00  7.056387145022E-17
  9.020452912983E+00  7.056387145022E-17
  9.257997950464E+00  7.056387145022E-17
  9.507791873978E+00  7.056387145022E-17
  9.770466290947E+00  7.056387145022E-17
  1.004668537730E+01  7.056387145022E-17
  1.033714755686E+01  7.056387145022E-17
  1.064258726730E+01  7.056387145022E-17
  1.096377681720E+01  7.056387145022E-17
  1.130152833880E+01  7.056387145022E-17
  1.165669584156E+01  7.056387145022E-17
  1.203017737146E+01  7.056387145022E-17
  1.242291728176E+01  7.056387145022E-17
  1.283590862082E+01  7.056387145022E-17
  1.327019564299E+01  7.056387145022E-17
  1.372687644909E+01  7.056387145022E-17
  1.420710576289E+01  7.056387145022E-17
  1.471209785093E+01  7.056387145022E-17
  1.524312959276E+01  7.056387145022E-17
  1.580154370954E+01  7.056387145022E-17
  1.638875215916E+01  7.056387145022E-17
  1.700623970640E+01  7.056387145022E-17
  1.765556767714E+01  7.056387145022E-17
  1.833837790621E+01  7.056387145022E-17
  1.905639688881E+01  7.056387145022E-17
  1.981144014598E+01  7.056387145022E-17
  2.060541681511E+01  7.056387145022E-17
  2.144033447731E+01  7.056387145022E-17
  2.231830423355E+01  7.056387145022E-17
  2.324154604261E+01  7.056387145022E-17
  2.421239433430E+01  7.056387145022E-17
  2.523330391207E+01  7.056387145022E-17
  2.630685616005E+01  7.056387145022E-17
  2.743576557009E+01  7.056387145022E-17
  2.862288660539E+01  7.056387145022E-17
  2.987122091806E+01  7.056387145022E-17
  3.118392493885E+01  7.056387145022E-17
  3.256431785820E+01  7.056387145022E-17
  3.401589001888E+01  7.056387145022E-17
  3.554231174136E+01  7.056387145022E-17
  3.714744260428E+01  7.056387145022E-17
  3.883534120345E+01  7.056387145022E-17
  4.061027541403E+01  7.056387145022E-17
  4.247673318196E+01  7.056387145022E-17
  4.443943387176E+01  7.056387145022E-17
  4.650334019954E+01  7.056387145022E-17
  4.867367078126E+01  7.056387145022E-17
  5.095591332810E+01  7.056387145022E-17
  5.335583852220E+01  7.056387145022E-17
  5.587951460793E+01  7.056387145022E-17
  5.853332273550E+01  7.056387145022E-17
  6.132397309582E+01  7.056387145022E-17
  6.425852188729E+01  7.056387145022E-17
  6.734438915749E+01  7.056387145022E-17
  7.058937756492E+01  7.056387145022E-17
  7.400169210806E+01  7.056387145022E-17
  7.758996087189E+01  7.056387145022E-17
  8.136325684406E+01  7.056387145022E-17
  8.533112085614E+01  7.056387145022E-17
  8.950358570767E+01  7.056387145022E-17
  9.389120153429E+01  7.056387145022E-17
  9.850506248387E+01  7.056387145022E-17
  1.033568347683E+02  7.056387145022E-17
  1.084587861614E+02  7.056387145022E-17
  1.138238170187E+02  7.056387145022E-17
  1.194654928954E+02  7.056387145022E-17
  1.253980788479E+02  7.056387145022E-17
  1.316365755026E+02  7.056387145022E-17
  1.381967569854E+02  7.056387145022E-17
  1.450952108067E+02  7.056387145022E-17
  1.523493798033E+02  7.056387145022E-17
  1.599776062428E+02  7.056387145022E-17
  1.679991782024E+02  7.056387145022E-17
  1.764343783386E+02  7.056387145022E-17
  1.853045351728E+02  7.056387145022E-17
  1.946320770205E+02  7.056387145022E-17
  2.044405887014E+02  7.056387145022E-17
  2.147548711742E+02  7.056387145022E-17
  2.256010042462E+02  7.056387145022E-17
  2.370064125163E+02  7.056387145022E-17
  2.489999347185E+02  7.056387145022E-17
  2.616118966413E+02  7.056387145022E-17
  2.748741878063E+02  7.056387145022E-17
  2.888203421021E+02  7.056387145022E-17
  3.034856225744E+02  7.056387145022E-17
  3.189071105897E+02  7.056387145022E-17
  3.351237995957E+02  7.056387145022E-17
  3.521766937171E+02  7.056387145022E-17
  3.701089114347E+02  7.056387145022E-17
  3.889657946114E+02  7.056387145022E-17
  4.087950231396E+02  7.056387145022E-17
  4.296467355004E+02  7.056387145022E-17
  4.515736555398E+02  7.056387145022E-17
  4.746312257811E+02  7.056387145022E-17
  4.988777476127E+02  7.056387145022E-17
  5.243745287036E+02  7.056387145022E-17
  5.511860380208E+02  7.056387145022E-17
  5.793800688399E+02  7.056387145022E-17
  6.090279101614E+02  7.056387145022E-17
  6.402045269662E+02  7.056387145022E-17
  6.729887497651E+02  7.056387145022E-17
  7.074634739232E+02  7.056387145022E-17
  7.437158692619E+02  7.056387145022E-17
  7.818376004689E+02  7.056387145022E-17
  8.219250588739E+02  7.056387145022E-17
  8.640796061752E+02  7.056387145022E-17
  9.084078307342E+02  7.056387145022E-17
  9.550218170857E+02  7.056387145022E-17
  1.004039429345E+03  7.056387145022E-17
  1.055584609229E+03  7.056387145022E-17
  1.109787689444E+03  7.056387145022E-17
  1.166785723237E+03  7.056387145022E-17
  1.226722830931E+03  7.056387145022E-17
  1.289750564339E+03  7.056387145022E-17
  1.356028289967E+03  7.056387145022E-17
  1.425723591968E+03  7.056387145022E-17
  1.499012695886E+03  7.056387145022E-17
  1.576080914245E+03  7.056387145022E-17
  1.657123115109E+03  7.056387145022E-17
  1.742344214817E+03  7.056387145022E-17
  1.831959696108E+03  7.056387145022E-17
  1.926196152978E+03  7.056387145022E-17
  2.025291863623E+03  7.056387145022E-17
  2.129497392933E+03  7.056387145022E-17
  2.239076226042E+03  7.056387145022E-17
  2.354305434561E+03  7.056387145022E-17
  2.475476377151E+03  7.056387145022E-17
  2.602895436233E+03  7.056387145022E-17
  2.736884792677E+03  7.056387145022E-17
  2.877783240441E+03  7.056387145022E-17
  3.025947043218E+03  7.056387145022E-17
  3.181750835252E+03  7.056387145022E-17
  3.345588568607E+03  7.056387145022E-17
  3.517874509278E+03  7.056387145022E-17
  3.699044284673E+03  7.056387145022E-17
  3.889555985097E+03  7.056387145022E-17
  4.089891322046E+03  7.056387145022E-17
  4.300556846216E+03  7.056387145022E-17
  4.522085228326E+03  7.056387145022E-17
  4.755036605984E+03  7.056387145022E-17
  5.000000000000E+03  7.056387145022E-17
