  7.400000000000E-02  0.000000000000E+00
  7.475000000000E-02  0.000000000000E+00
  7.550000000000E-02  0.000000000000E+00
  7.625000000000E-02  0.000000000000E+00
  7.700000000000E-02  0.000000000000E+00
  7.775000000000E-02  0.000000000000E+00
  7.850000000000E-02  0.000000000000E+00
  7.925000000000E-02  0.000000000000E+00
  8.000000000000E-02  0.000000000000E+00
  8.075000000000E-02  0.000000000000E+00
  8.155057911714E-02  0.000000000000E+00
  8.240514834755E-02  0.000000000000E+00
  8.331734872090E-02  0.000000000000E+00
  8.429106681365E-02  0.000000000000E+00
  8.533045130836E-02  0.000000000000E+00
  8.643993066989E-02  0.000000000000E+00
  8.762423201355E-02  0.000000000000E+00
  8.888840124573E-02  0.000000000000E+00
  9.023782456282E-02  5.195167482350E+00
  9.167825139995E-02  5.441173222605E+00
  9.321581892739E-02  5.605003629522E+00
  9.485707819895E-02  5.708483064356E+00
  9.660902206378E-02  5.765183955533E+00
  9.847911496056E-02  0.000000000000E+00
  1.004753247209E-01  0.000000000000E+00
  1.026061565177E-01  5.734178732069E+00
  1.048806891026E-01  5.673740621521E+00
  1.073086134876E-01  5.594051205080E+00
  1.099002742350E-01  5.497648343762E+00
  1.126667135325E-01  5.386684675594E+00
  1.156197182397E-01  5.263029107776E+00
  1.187718701083E-01  5.128338353329E+00
  1.221365993884E-01  4.984108086426E+00
  1.257282420503E-01  4.831709789905E+00
  1.295621008655E-01  4.672417278379E+00
  1.336545106062E-01  4.507425592579E+00
  1.380229076425E-01  4.337864146234E+00
  1.426859042326E-01  4.164805480941E+00
  1.476633678238E-01  3.989270638911E+00
  1.529765057003E-01  3.812231932693E+00
  1.586479553410E-01  3.634613734263E+00
  1.647018808693E-01  3.457291796769E+00
  1.711640760088E-01  3.281091543646E+00
  1.780620739817E-01  3.106785699898E+00
  1.854252648179E-01  2.935091591533E+00
  1.932850205766E-01  2.766668395937E+00
  2.016748290116E-01  2.602114585316E+00
  2.106304362515E-01  2.441965765090E+00
  2.201899991016E-01  2.286693068701E+00
  2.303942476173E-01  2.136702229433E+00
  2.412866586410E-01  1.992333409324E+00
  2.529136410423E-01  1.853861825857E+00
  2.653247334501E-01  1.721499180109E+00
  2.785728153202E-01  1.595395856426E+00
  2.927143322368E-01  1.475643834669E+00
  3.078095364076E-01  1.362280232344E+00
  3.239227433785E-01  1.255291376062E+00
  3.411226060600E-01  1.154617289928E+00
  3.594824072340E-01  1.060156482600E+00
  3.790803717871E-01  9.717709143119E-01
  4.000000000000E-01  1.002008512282E+00
  4.287500000000E-01  8.932102800162E-01
  4.575000000000E-01  8.015197292027E-01
  4.862500000000E-01  7.235127454868E-01
  5.150000000000E-01  6.565786456766E-01
  5.437500000000E-01  5.987027698617E-01
  5.725000000000E-01  5.483096865403E-01
  6.012500000000E-01  5.041530975327E-01
  6.300000000000E-01  4.652365703945E-01
  6.587500000000E-01  4.307556883627E-01
  6.875000000000E-01  4.000552419146E-01
  7.162500000000E-01  3.725971575866E-01
  7.450000000000E-01  3.479361939108E-01
  7.737500000000E-01  3.257013270770E-01
  8.025000000000E-01  3.055813535751E-01
  8.312500000000E-01  2.873136521376E-01
  8.600000000000E-01  2.706753365394E-01
  8.887500000000E-01  2.554762349278E-01
  9.175000000000E-01  2.415532767560E-01
  9.462500000000E-01  2.287659737150E-01
  9.750000000000E-01  2.169927573884E-01
  1.003750000000E+00  2.061279926535E-01
  1.032500000000E+00  1.960795279556E-01
  1.061250000000E+00  1.867666748161E-01
  1.090000000000E+00  1.781185326505E-01
  1.118750000000E+00  1.700725929291E-01
  1.147500000000E+00  1.625735706178E-01
  1.176250000000E+00  1.555724215759E-01
  1.205000000000E+00  1.490255128022E-01
  1.233750000000E+00  1.428939188655E-01
  1.262500000000E+00  1.371428230089E-01
  1.291250000000E+00  1.317410055120E-01
  1.320000000000E+00  1.266604050618E-01
  1.348750000000E+00  1.218757414439E-01
  1.377500000000E+00  1.173641899239E-01
  1.406250000000E+00  1.131050993488E-01
  1.435000000000E+00  1.090797473935E-01
  1.463750000000E+00  1.052711274594E-01
  1.492500000000E+00  1.016637626167E-01
  1.521250000000E+00  9.824354273071E-02
  1.550000000000E+00  9.499758152247E-02
  1.578750000000E+00  9.191409081751E-02
  1.607500000000E+00  8.898226965642E-02
  1.636250000000E+00  8.619220629089E-02
  1.665000000000E+00  8.353479137807E-02
  1.693750000000E+00  8.100164093097E-02
  1.722500000000E+00  7.858502778934E-02
  1.751250000000E+00  7.627782054881E-02
  1.780000000000E+00  7.407342903311E-02
  1.808750000000E+00  7.196575551845E-02
  1.837500000000E+00  6.994915102575E-02
  1.866250000000E+00  6.801837608624E-02
  1.895000000000E+00  6.616856546274E-02
  1.923750000000E+00  6.439519637684E-02
  1.952500000000E+00  6.269405985112E-02
  1.981250000000E+00  6.106123481955E-02
  2.010000000000E+00  5.949306470281E-02
  2.038750000000E+00  5.798613618434E-02
  2.067500000000E+00  5.653725995332E-02
  2.096250000000E+00  5.514345320867E-02
  2.125000000000E+00  5.380192374186E-02
  2.153750000000E+00  5.251005543752E-02
  2.182500000000E+00  5.126539504892E-02
  2.211250000000E+00  5.006564012162E-02
  2.240000000000E+00  4.890862795232E-02
  2.268750000000E+00  4.779232548272E-02
  2.297500000000E+00  4.671482003858E-02
  2.326250000000E+00  4.567431083404E-02
  2.355000000000E+00  4.466910116963E-02
  2.383750000000E+00  4.369759125975E-02
  2.412500000000E+00  4.275827163221E-02
  2.441250000000E+00  4.184971704807E-02
  2.470000000000E+00  4.097058089529E-02
  2.498750000000E+00  4.011959001453E-02
  2.527500000000E+00  3.929553991907E-02
  2.556250000000E+00  3.849729037514E-02
  2.585000000000E+00  3.772376131161E-02
  2.613750000000E+00  3.697392903136E-02
  2.642500000000E+00  3.624682269901E-02
  2.671250000000E+00  3.554152108230E-02
  2.700000000000E+00  3.485714952613E-02
  2.728750000000E+00  3.419287714059E-02
  2.757500000000E+00  3.354791418582E-02
  2.786250000000E+00  3.292150963789E-02
  2.815000000000E+00  3.231294892175E-02
  2.843750000000E+00  3.172155179798E-02
  2.872500000000E+00  3.114667039168E-02
  2.901250000000E+00  3.058768735258E-02
  2.930000000000E+00  3.004401413647E-02
  2.958750000000E+00  2.951508939882E-02
  2.987500000000E+00  2.900037749238E-02
  3.016250000000E+00  2.849936706103E-02
  3.045000000000E+00  2.801156972288E-02
  3.073750000000E+00  2.753651883627E-02
  3.102500000000E+00  2.707376834263E-02
  3.131250000000E+00  2.662289168089E-02
  3.160000000000E+00  2.618348076820E-02
  3.188750000000E+00  2.575514504258E-02
  3.217500000000E+00  2.533751056317E-02
  3.246250000000E+00  2.493021916422E-02
  3.275000000000E+00  2.453292765903E-02
  3.303750000000E+00  2.414530709053E-02
  3.332500000000E+00  2.376704202534E-02
  3.361250000000E+00  2.339782988851E-02
  3.390000000000E+00  2.303738033633E-02
  3.418750000000E+00  2.268541466460E-02
  3.447500000000E+00  2.234166525020E-02
  3.476250000000E+00  2.200587502375E-02
  3.505000000000E+00  2.167779697148E-02
  3.533750000000E+00  2.135719366433E-02
  3.562500000000E+00  2.104383681277E-02
  3.591250000000E+00  2.073750684560E-02
  3.620000000000E+00  2.043799251130E-02
  3.648750000000E+00  2.014509050062E-02
  3.677500000000E+00  1.985860508899E-02
  3.706250000000E+00  1.957834779773E-02
  3.735000000000E+00  1.930413707276E-02
  3.763750000000E+00  1.903579797991E-02
  3.792500000000E+00  1.877316191588E-02
  3.821250000000E+00  1.851606633386E-02
  3.850000000000E+00  1.826435448293E-02
  3.878750000000E+00  1.801787516040E-02
  3.907500000000E+00  1.777648247654E-02
  3.936250000000E+00  1.754003563089E-02
  3.965000000000E+00  1.730839869960E-02
  3.993750000000E+00  1.708144043312E-02
  4.022500000000E+00  1.685903406359E-02
  4.051250000000E+00  1.664105712147E-02
  4.080000000000E+00  1.642739126078E-02
  4.108750000000E+00  1.621792209268E-02
  4.137500000000E+00  1.601253902694E-02
  4.166250000000E+00  1.581113512078E-02
  4.195000000000E+00  1.561360693469E-02
  4.223750000000E+00  1.541985439479E-02
  4.252500000000E+00  1.522978066153E-02
  4.281250000000E+00  1.504329200441E-02
  4.310000000000E+00  1.486029768229E-02
  4.338750000000E+00  1.468070982908E-02
  4.367500000000E+00  1.450444334452E-02
  4.396250000000E+00  1.433141578980E-02
  4.425000000000E+00  1.416154728765E-02
  4.453750000000E+00  1.399476042708E-02
  4.482500000000E+00  1.383098017195E-02
  4.511250000000E+00  1.367013377370E-02
  4.540000000000E+00  1.351215068768E-02
  4.568750000000E+00  1.335696249319E-02
  4.597500000000E+00  1.320450281675E-02
  4.626250000000E+00  1.305470725870E-02
  4.655000000000E+00  1.290751332282E-02
  4.683750000000E+00  1.276286034891E-02
  4.712500000000E+00  1.262068944804E-02
  4.741250000000E+00  1.248094344054E-02
  4.770000000000E+00  1.234356679640E-02
  4.798750000000E+00  1.220850557814E-02
  4.827500000000E+00  1.207570738594E-02
  4.856250000000E+00  1.194512130498E-02
  4.885000000000E+00  1.181669785491E-02
  4.913750000000E+00  1.169038894137E-02
  4.942500000000E+00  1.156614780950E-02
  4.971250000000E+00  1.144392899944E-02
  5.000000000000E+00  1.132368830249E-02
  5.030232478763E+00  1.119933403889E-02
  5.062023879535E+00  1.107082239629E-02
  5.095454587316E+00  1.093811835057E-02
  5.130609132117E+00  1.080119650494E-02
  5.167576402695E+00  1.066004193978E-02
  5.206449871311E+00  1.051465106469E-02
  5.247327830073E+00  1.036503246500E-02
  5.290313639469E+00  1.021120773339E-02
  5.335515989720E+00  1.005321227651E-02
  5.383049175599E+00  9.891096085978E-03
  5.433033385431E+00  9.724924461781E-03
  5.485595004987E+00  9.554778676078E-03
  5.540866937056E+00  9.380756564378E-03
  5.598988937492E+00  9.202973031053E-03
  5.660107968582E+00  9.021560455842E-03
  5.724378570651E+00  8.836668988139E-03
  5.791963252814E+00  8.648466716212E-03
  5.863032903882E+00  8.457139699084E-03
  5.937767224461E+00  8.262891849813E-03
  6.016355181325E+00  8.065944660085E-03
  6.098995485218E+00  7.866536757671E-03
  6.185897093304E+00  7.664923290153E-03
  6.277279737511E+00  7.461375130577E-03
  6.373374480132E+00  7.256177903140E-03
  6.474424298065E+00  7.049630829810E-03
  6.580684697186E+00  6.842045401700E-03
  6.692424358397E+00  6.633743882152E-03
  6.809925816991E+00  6.425057651653E-03
  6.933486177048E+00  6.216325407919E-03
  7.063417862663E+00  6.007891237594E-03
  7.200049407918E+00  5.800102578976E-03
  7.343726287582E+00  5.593308097899E-03
  7.494811790651E+00  5.387855501263E-03
  7.653687938929E+00  5.184089314666E-03
  7.820756452977E+00  4.982348652064E-03
  7.996439767863E+00  4.782965006290E-03
  8.181182101303E+00  4.586260089599E-03
  8.375450576866E+00  4.392543753095E-03
  8.579736405106E+00  4.202112012946E-03
  8.794556125590E+00  4.015245209774E-03
  9.020452912983E+00  3.832206325414E-03
  9.257997950464E+00  3.653239478588E-03
  9.507791873978E+00  3.478568617865E-03
  9.770466290947E+00  3.308396426738E-03
  1.004668537730E+01  3.142903451847E-03
  1.033714755686E+01  2.982247461335E-03
  1.064258726730E+01  2.826563036264E-03
  1.096377681720E+01  2.675961393982E-03
  1.130152833880E+01  2.530530438396E-03
  1.165669584156E+01  2.390335028496E-03
  1.203017737146E+01  2.255417453098E-03
  1.242291728176E+01  2.125798096870E-03
  1.283590862082E+01  2.001476280221E-03
  1.327019564299E+01  1.882431253647E-03
  1.372687644909E+01  1.768623325669E-03
  1.420710576289E+01  1.659995102564E-03
  1.471209785093E+01  1.556472817647E-03
  1.524312959276E+01  1.457967727914E-03
  1.580154370954E+01  1.364377556356E-03
  1.638875215916E+01  1.275587959151E-03
  1.700623970640E+01  1.191473998151E-03
  1.765556767714E+01  1.111901600625E-03
  1.833837790621E+01  1.036728989903E-03
  1.905639688881E+01  9.658080725048E-04
  1.981144014598E+01  8.989857692474E-04
  2.060541681511E+01  8.361052799034E-04
  2.144033447731E+01  7.770072729398E-04
  2.231830423355E+01  7.215309938351E-04
  2.324154604261E+01  6.695152873212E-04
  2.421239433430E+01  6.207995306219E-04
  2.523330391207E+01  5.752244763472E-04
  2.630685616005E+01  5.326330051191E-04
  2.743576557009E+01  4.928707892545E-04
  2.862288660539E+01  4.557868698999E-04
  2.987122091806E+01  4.212341509132E-04
  3.118392493885E+01  3.890698135105E-04
  3.256431785820E+01  3.591556562645E-04
  3.401589001888E+01  3.313583654559E-04
  3.554231174136E+01  3.055497210604E-04
  3.714744260428E+01  2.816067438076E-04
  3.883534120345E+01  2.594117888025E-04
  4.061027541403E+01  2.388525911528E-04
  4.247673318196E+01  2.198222689292E-04
  4.443943387176E+01  2.022192885984E-04
  4.650334019954E+01  1.859473978369E-04
  4.867367078126E+01  1.709155303587E-04
  5.095591332810E+01  1.570376870897E-04
  5.335583852220E+01  1.442327977056E-04
  5.587951460793E+01  1.324245662174E-04
  5.853332273550E+01  1.215413039624E-04
  6.132397309582E+01  1.115157530297E-04
  6.425852188729E+01  1.022849028291E-04
  6.734438915749E+01  9.378980220745E-05
  7.058937756492E+01  8.597536922438E-05
  7.400169210806E+01  7.879020042453E-05
  7.758996087189E+01  7.218638118752E-05
  8.136325684406E+01  6.611929850131E-05
  8.533112085614E+01  6.054745728747E-05
  8.950358570767E+01  5.543230121062E-05
  9.389120153429E+01  5.073803872655E-05
  9.850506248387E+01  4.643147496517E-05
  1.033568347683E+02  4.248184990328E-05
  1.084587861614E+02  3.886068315801E-05
  1.138238170187E+02  3.554162562361E-05
  1.194654928954E+02  3.250031807994E-05
  1.253980788479E+02  2.971425682063E-05
  1.316365755026E+02  2.716266628030E-05
  1.381967569854E+02  2.482637858281E-05
  1.450952108067E+02  2.268771988480E-05
  1.523493798033E+02  2.073040334994E-05
  1.599776062428E+02  1.893942855841E-05
  1.679991782024E+02  1.730098713177E-05
  1.764343783386E+02  1.580237433539E-05
  1.853045351728E+02  1.443190640756E-05
  1.946320770205E+02  1.317884335584E-05
  2.044405887014E+02  1.203331695667E-05
  2.147548711742E+02  1.098626369282E-05
  2.256010042462E+02  1.002936236431E-05
  2.370064125163E+02  9.154976112226E-06
  2.489999347185E+02  8.356098600048E-06
  2.616118966413E+02  7.626304103728E-06
  2.748741878063E+02  6.959701270023E-06
  2.888203421021E+02  6.350890311072E-06
  3.034856225744E+02  5.794923412779E-06
  3.189071105897E+02  5.287268144405E-06
  3.351237995957E+02  4.823773666839E-06
  3.521766937171E+02  4.400639547298E-06
  3.701089114347E+02  4.014386998393E-06
  3.889657946114E+02  3.661832369641E-06
  4.087950231396E+02  3.340062729421E-06
  4.296467355004E+02  3.046413385081E-06
  4.515736555398E+02  2.778447198276E-06
  4.746312257811E+02  2.533935561684E-06
  4.988777476127E+02  2.310840911938E-06
  5.243745287036E+02  2.107300661921E-06
  5.511860380208E+02  1.921612443476E-06
  5.793800688399E+02  1.752220559126E-06
  6.090279101614E+02  1.597703548478E-06
  6.402045269662E+02  1.456762781737E-06
  6.729887497651E+02  1.328211999052E-06
  7.074634739232E+02  1.210967720392E-06
  7.437158692619E+02  1.104040456214E-06
  7.818376004689E+02  1.006526654396E-06
  8.219250588739E+02  9.176013238237E-07
  8.640796061752E+02  8.365112795339E-07
  9.084078307342E+02  7.625689585946E-07
  9.550218170857E+02  6.951467598361E-07
  1.004039429345E+03  6.336718642214E-07
  1.055584609229E+03  5.776214960549E-07
  1.109787689444E+03  5.265185883867E-07
  1.166785723237E+03  4.799278188996E-07
  1.226722830931E+03  4.374519852742E-07
  1.289750564339E+03  3.987286915346E-07
  1.356028289967E+03  3.634273191933E-07
  1.425723591968E+03  3.312462591478E-07
  1.499012695886E+03  3.019103822599E-07
  1.576080914245E+03  2.751687283607E-07
  1.657123115109E+03  2.507923951021E-07
  1.742344214817E+03  2.285726096205E-07
  1.831959696108E+03  2.083189673919E-07
  1.926196152978E+03  1.898578239706E-07
  2.025291863623E+03  1.730308264970E-07
  2.129497392933E+03  1.576935729693E-07
  2.239076226042E+03  1.437143882818E-07
  2.354305434561E+03  1.309732069660E-07
  2.475476377151E+03  1.193605534215E-07
  2.602895436233E+03  1.087766112105E-07
  2.736884792677E+03  9.913037370090E-08
  2.877783240441E+03  9.033886900910E-08
  3.025947043218E+03  8.232645279121E-08
  3.181750835252E+03  7.502416300406E-08
  3.345588568607E+03  6.836913132017E-08
  3.517874509278E+03  6.230404656904E-08
  3.699044284673E+03  5.677666677899E-08
  3.889555985097E+03  5.173937919132E-08
  4.089891322046E+03  4.714881601823E-08
  4.300556846216E+03  4.296555316395E-08
  4.522085228326E+03  3.915401411737E-08
  4.755036605984E+03  3.568257782617E-08
  5.000000000000E+03  3.252561189075E-08
