7.400000000000000e-02 3.403636209193928e-17
7.475000000000000e-02 3.403636209193928e-17
7.550000000000000e-02 3.403636209193928e-17
7.625000000000000e-02 3.403636209193928e-17
7.700000000000000e-02 3.403636209193928e-17
7.775000000000000e-02 3.403636209193928e-17
7.850000000000000e-02 3.403636209193928e-17
7.925000000000000e-02 3.403636209193928e-17
8.000000000000000e-02 3.403636209193928e-17
8.075000000000000e-02 3.403636209193928e-17
8.155057911714265e-02 3.403636209193928e-17
8.240514834754920e-02 3.403636209193928e-17
8.331734872090406e-02 3.403636209193928e-17
8.429106681364756e-02 3.403636209193928e-17
8.533045130836013e-02 3.403636209193928e-17
8.643993066989179e-02 3.403636209193928e-17
8.762423201354913e-02 3.403636209193928e-17
8.888840124573053e-02 3.403636209193928e-17
9.023782456282210e-02 3.403636209193928e-17
9.167825139995395e-02 3.403636209193928e-17
9.321581892739340e-02 3.403636209193928e-17
9.485707819894633e-02 3.403636209193928e-17
9.660902206377570e-02 3.403636209193928e-17
9.847911496056047e-02 3.403636209193928e-17
1.004753247209374e-01 3.403636209193928e-17
1.026061565177295e-01 3.403636209193928e-17
1.048806891026033e-01 3.403636209193928e-17
1.073086134875506e-01 3.403636209193928e-17
1.099002742350042e-01 3.403636209193928e-17
1.126667135325104e-01 3.403636209193928e-17
1.156197182397454e-01 3.403636209193928e-17
1.187718701083271e-01 3.403636209193928e-17
1.221365993883921e-01 3.403636209193928e-17
1.257282420503366e-01 3.403636209193928e-17
1.295621008655252e-01 3.403636209193928e-17
1.336545106062096e-01 3.403636209193928e-17
1.380229076424537e-01 3.403636209193928e-17
1.426859042325935e-01 3.403636209193928e-17
1.476633678237580e-01 3.403636209193928e-17
1.529765057003235e-01 3.403636209193928e-17
1.586479553409607e-01 3.403636209193928e-17
1.647018808692546e-01 3.403636209193928e-17
1.711640760088398e-01 3.403636209193928e-17
1.780620739817099e-01 3.403636209193928e-17
1.854252648179395e-01 3.403636209193928e-17
1.932850205766348e-01 3.403636209193928e-17
2.016748290116391e-01 3.403636209193928e-17
2.106304362514946e-01 3.403636209193928e-17
2.201899991015745e-01 3.403636209193928e-17
2.303942476172900e-01 3.403636209193928e-17
2.412866586410443e-01 3.403636209193928e-17
2.529136410423137e-01 3.403636209193928e-17
2.653247334501022e-01 3.403636209193928e-17
2.785728153202398e-01 3.403636209193928e-17
2.927143322368109e-01 3.403636209193928e-17
3.078095364076461e-01 3.403636209193928e-17
3.239227433785464e-01 3.403636209193928e-17
3.411226060600134e-01 3.403636209193928e-17
3.594824072340182e-01 3.403636209193928e-17
3.790803717870840e-01 3.403636209193928e-17
3.999999999999992e-01 3.403636209193928e-17
4.287499999999992e-01 1.211344514551712e-03
4.574999999999992e-01 2.002359472299764e-03
4.862499999999992e-01 2.550422480846825e-03
5.149999999999992e-01 2.922175661532578e-03
5.437499999999993e-01 3.164298323072798e-03
5.724999999999993e-01 3.310158914795808e-03
6.012499999999994e-01 3.383989225340378e-03
6.299999999999994e-01 3.403636209163511e-03
6.587499999999995e-01 3.382403352715956e-03
6.874999999999996e-01 3.330311264194238e-03
7.162499999999996e-01 3.254975866950779e-03
7.449999999999997e-01 3.162230173241585e-03
7.737499999999997e-01 3.056570884341970e-03
8.024999999999998e-01 2.941483359052384e-03
8.312499999999998e-01 2.819680869078127e-03
8.599999999999999e-01 2.693282637048731e-03
8.887499999999999e-01 2.563947613771074e-03
9.175000000000000e-01 2.432975893792596e-03
9.462500000000000e-01 2.301386224495042e-03
9.750000000000001e-01 2.169975686505080e-03
1.003750000000000e+00 2.039365961050594e-03
1.032500000000000e+00 1.910039424121469e-03
1.061250000000000e+00 1.782367466502347e-03
1.090000000000000e+00 1.656632831362480e-03
1.118750000000000e+00 1.533047318193672e-03
1.147500000000000e+00 1.411765876032168e-03
1.176250000000000e+00 1.292897867210450e-03
1.205000000000001e+00 1.176516102190612e-03
1.233750000000001e+00 1.062664109973124e-03
1.262500000000001e+00 9.513620054113961e-04
1.291250000000001e+00 8.426112360384029e-04
1.320000000000001e+00 7.363984305635553e-04
1.348750000000001e+00 6.326985245235395e-04
1.377500000000001e+00 5.314773023240764e-04
1.406250000000001e+00 4.326934666238239e-04
1.435000000000001e+00 3.363003238238585e-04
1.463750000000001e+00 2.422471569473416e-04
1.492500000000001e+00 1.504803433541889e-04
1.521250000000001e+00 6.094426374540637e-05
1.550000000000001e+00 3.403636209193928e-17
1.578750000000001e+00 3.403636209193927e-17
1.607500000000001e+00 3.403636209193927e-17
1.636250000000001e+00 3.403636209193927e-17
1.665000000000001e+00 3.403636209193927e-17
1.693750000000001e+00 3.403636209193927e-17
1.722500000000001e+00 3.403636209193927e-17
1.751250000000002e+00 3.403636209193927e-17
1.780000000000002e+00 3.403636209193927e-17
1.808750000000002e+00 3.403636209193927e-17
1.837500000000002e+00 3.403636209193927e-17
1.866250000000002e+00 3.403636209193927e-17
1.895000000000002e+00 3.403636209193927e-17
1.923750000000002e+00 3.403636209193927e-17
1.952500000000002e+00 3.403636209193927e-17
1.981250000000002e+00 3.403636209193927e-17
2.010000000000002e+00 3.403636209193927e-17
2.038750000000002e+00 3.403636209193927e-17
2.067500000000002e+00 3.403636209193927e-17
2.096250000000002e+00 3.403636209193927e-17
2.125000000000002e+00 3.403636209193927e-17
2.153750000000002e+00 3.403636209193927e-17
2.182500000000002e+00 3.403636209193927e-17
2.211250000000002e+00 3.403636209193927e-17
2.240000000000002e+00 3.403636209193927e-17
2.268750000000002e+00 3.403636209193927e-17
2.297500000000003e+00 3.403636209193927e-17
2.326250000000003e+00 3.403636209193927e-17
2.355000000000003e+00 3.403636209193927e-17
2.383750000000003e+00 3.403636209193927e-17
2.412500000000003e+00 3.403636209193927e-17
2.441250000000003e+00 3.403636209193927e-17
2.470000000000003e+00 3.403636209193927e-17
2.498750000000003e+00 3.403636209193927e-17
2.527500000000003e+00 3.403636209193927e-17
2.556250000000003e+00 3.403636209193927e-17
2.585000000000003e+00 3.403636209193927e-17
2.613750000000003e+00 3.403636209193927e-17
2.642500000000003e+00 3.403636209193927e-17
2.671250000000003e+00 3.403636209193927e-17
2.700000000000003e+00 3.403636209193927e-17
2.728750000000003e+00 3.403636209193927e-17
2.757500000000003e+00 3.403636209193927e-17
2.786250000000003e+00 3.403636209193927e-17
2.815000000000003e+00 3.403636209193927e-17
2.843750000000004e+00 3.403636209193927e-17
2.872500000000004e+00 3.403636209193927e-17
2.901250000000004e+00 3.403636209193927e-17
2.930000000000004e+00 3.403636209193927e-17
2.958750000000004e+00 3.403636209193927e-17
2.987500000000004e+00 3.403636209193927e-17
3.016250000000004e+00 3.403636209193927e-17
3.045000000000004e+00 3.403636209193927e-17
3.073750000000004e+00 3.403636209193927e-17
3.102500000000004e+00 3.403636209193927e-17
3.131250000000004e+00 3.403636209193927e-17
3.160000000000004e+00 3.403636209193927e-17
3.188750000000004e+00 3.403636209193927e-17
3.217500000000004e+00 3.403636209193927e-17
3.246250000000004e+00 3.403636209193927e-17
3.275000000000004e+00 3.403636209193927e-17
3.303750000000004e+00 3.403636209193927e-17
3.332500000000004e+00 3.403636209193927e-17
3.361250000000005e+00 3.403636209193927e-17
3.390000000000005e+00 3.403636209193927e-17
3.418750000000005e+00 3.403636209193927e-17
3.447500000000005e+00 3.403636209193927e-17
3.476250000000005e+00 3.403636209193927e-17
3.505000000000005e+00 3.403636209193927e-17
3.533750000000005e+00 3.403636209193927e-17
3.562500000000005e+00 3.403636209193927e-17
3.591250000000005e+00 3.403636209193927e-17
3.620000000000005e+00 3.403636209193927e-17
3.648750000000005e+00 3.403636209193927e-17
3.677500000000005e+00 3.403636209193927e-17
3.706250000000005e+00 3.403636209193927e-17
3.735000000000005e+00 3.403636209193927e-17
3.763750000000005e+00 3.403636209193927e-17
3.792500000000005e+00 3.403636209193927e-17
3.821250000000005e+00 3.403636209193927e-17
3.850000000000005e+00 3.403636209193927e-17
3.878750000000005e+00 3.403636209193927e-17
3.907500000000006e+00 3.403636209193927e-17
3.936250000000006e+00 3.403636209193927e-17
3.965000000000006e+00 3.403636209193927e-17
3.993750000000006e+00 3.403636209193927e-17
4.022500000000005e+00 3.403636209193927e-17
4.051250000000005e+00 3.403636209193927e-17
4.080000000000005e+00 3.403636209193927e-17
4.108750000000004e+00 3.403636209193927e-17
4.137500000000004e+00 3.403636209193927e-17
4.166250000000003e+00 3.403636209193927e-17
4.195000000000003e+00 3.403636209193927e-17
4.223750000000003e+00 3.403636209193927e-17
4.252500000000002e+00 3.403636209193927e-17
4.281250000000002e+00 3.403636209193927e-17
4.310000000000001e+00 3.403636209193927e-17
4.338750000000001e+00 3.403636209193927e-17
4.367500000000001e+00 3.403636209193927e-17
4.396250000000000e+00 3.403636209193927e-17
4.425000000000000e+00 3.403636209193927e-17
4.453749999999999e+00 3.403636209193927e-17
4.482499999999999e+00 3.403636209193927e-17
4.511249999999999e+00 3.403636209193927e-17
4.539999999999998e+00 3.403636209193927e-17
4.568749999999998e+00 3.403636209193927e-17
4.597499999999997e+00 3.403636209193927e-17
4.626249999999997e+00 3.403636209193927e-17
4.654999999999997e+00 3.403636209193927e-17
4.683749999999996e+00 3.403636209193927e-17
4.712499999999996e+00 3.403636209193927e-17
4.741249999999996e+00 3.403636209193927e-17
4.769999999999995e+00 3.403636209193927e-17
4.798749999999995e+00 3.403636209193927e-17
4.827499999999994e+00 3.403636209193927e-17
4.856249999999994e+00 3.403636209193927e-17
4.884999999999994e+00 3.403636209193927e-17
4.913749999999993e+00 3.403636209193927e-17
4.942499999999993e+00 3.403636209193927e-17
4.971249999999992e+00 3.403636209193927e-17
4.999999999999992e+00 3.403636209193927e-17
5.030232478763487e+00 3.403636209193927e-17
5.062023879535147e+00 3.403636209193927e-17
5.095454587315703e+00 3.403636209193927e-17
5.130609132116548e+00 3.403636209193927e-17
5.167576402695048e+00 3.403636209193927e-17
5.206449871311011e+00 3.403636209193927e-17
5.247327830072594e+00 3.403636209193927e-17
5.290313639469276e+00 3.403636209193927e-17
5.335515989720298e+00 3.403636209193927e-17
5.383049175599397e+00 3.403636209193927e-17
5.433033385430742e+00 3.403636209193927e-17
5.485595004986785e+00 3.403636209193927e-17
5.540866937056456e+00 3.403636209193927e-17
5.598988937491715e+00 3.403636209193927e-17
5.660107968582179e+00 3.403636209193927e-17
5.724378570651323e+00 3.403636209193927e-17
5.791963252813844e+00 3.403636209193927e-17
5.863032903882228e+00 3.403636209193927e-17
5.937767224461497e+00 3.403636209193927e-17
6.016355181324696e+00 3.403636209193927e-17
6.098995485218026e+00 3.403636209193927e-17
6.185897093303727e+00 3.403636209193927e-17
6.277279737511191e+00 3.403636209193927e-17
6.373374480132208e+00 3.403636209193927e-17
6.474424298065198e+00 3.403636209193927e-17
6.580684697185694e+00 3.403636209193927e-17
6.692424358396510e+00 3.403636209193927e-17
6.809925816991161e+00 3.403636209193927e-17
6.933486177048293e+00 3.403636209193927e-17
7.063417862663497e+00 3.403636209193927e-17
7.200049407917997e+00 3.403636209193927e-17
7.343726287581658e+00 3.403636209193927e-17
7.494811790650770e+00 3.403636209193927e-17
7.653687938929344e+00 3.403636209193927e-17
7.820756452976578e+00 3.403636209193927e-17
7.996439767862902e+00 3.403636209193927e-17
8.181182101302946e+00 3.403636209193927e-17
8.375450576866244e+00 3.403636209193927e-17
8.579736405105692e+00 3.403636209193927e-17
8.794556125590290e+00 3.403636209193927e-17
9.020452912982662e+00 3.403636209193927e-17
9.257997950463769e+00 3.403636209193927e-17
9.507791873977554e+00 3.403636209193927e-17
9.770466290947322e+00 3.403636209193927e-17
1.004668537730392e+01 3.403636209193927e-17
1.033714755686384e+01 3.403636209193927e-17
1.064258726730364e+01 3.403636209193927e-17
1.096377681719580e+01 3.403636209193927e-17
1.130152833880176e+01 3.403636209193927e-17
1.165669584155969e+01 3.403636209193927e-17
1.203017737145928e+01 3.403636209193927e-17
1.242291728176352e+01 3.403636209193927e-17
1.283590862081918e+01 3.403636209193927e-17
1.327019564299338e+01 3.403636209193927e-17
1.372687644908530e+01 3.403636209193927e-17
1.420710576288949e+01 3.403636209193927e-17
1.471209785093099e+01 3.403636209193927e-17
1.524312959275528e+01 3.403636209193927e-17
1.580154370953596e+01 3.403636209193927e-17
1.638875215916408e+01 3.403636209193927e-17
1.700623970640329e+01 3.403636209193927e-17
1.765556767713833e+01 3.403636209193927e-17
1.833837790620932e+01 3.403636209193927e-17
1.905639688881406e+01 3.403636209193927e-17
1.981144014597526e+01 3.403636209193927e-17
2.060541681511080e+01 3.403636209193927e-17
2.144033447731432e+01 3.403636209193927e-17
2.231830423355207e+01 3.403636209193927e-17
2.324154604261118e+01 3.403636209193927e-17
2.421239433429643e+01 3.403636209193927e-17
2.523330391206862e+01 3.403636209193927e-17
2.630685616004939e+01 3.403636209193927e-17
2.743576557008701e+01 3.403636209193927e-17
2.862288660538694e+01 3.403636209193927e-17
2.987122091806186e+01 3.403636209193927e-17
3.118392493885100e+01 3.403636209193927e-17
3.256431785819927e+01 3.403636209193927e-17
3.401589001887672e+01 3.403636209193927e-17
3.554231174135890e+01 3.403636209193927e-17
3.714744260428346e+01 3.403636209193927e-17
3.883534120344861e+01 3.403636209193927e-17
4.061027541402929e+01 3.403636209193927e-17
4.247673318195912e+01 3.403636209193927e-17
4.443943387176434e+01 3.403636209193927e-17
4.650334019954295e+01 3.403636209193927e-17
4.867367078126159e+01 3.403636209193927e-17
5.095591332809896e+01 3.403636209193927e-17
5.335583852220007e+01 3.403636209193927e-17
5.587951460792669e+01 3.403636209193927e-17
5.853332273549788e+01 3.403636209193927e-17
6.132397309581749e+01 3.403636209193927e-17
6.425852188728545e+01 3.403636209193927e-17
6.734438915749405e+01 3.403636209193927e-17
7.058937756492180e+01 3.403636209193927e-17
7.400169210806439e+01 3.403636209193927e-17
7.758996087188790e+01 3.403636209193927e-17
8.136325684406214e+01 3.403636209193927e-17
8.533112085613662e+01 3.403636209193927e-17
8.950358570766639e+01 3.403636209193927e-17
9.389120153428573e+01 3.403636209193927e-17
9.850506248387344e+01 3.403636209193927e-17
1.033568347682607e+02 3.403636209193927e-17
1.084587861614104e+02 3.403636209193927e-17
1.138238170186551e+02 3.403636209193927e-17
1.194654928954256e+02 3.403636209193927e-17
1.253980788479469e+02 3.403636209193927e-17
1.316365755026326e+02 3.403636209193927e-17
1.381967569853779e+02 3.403636209193927e-17
1.450952108066570e+02 3.403636209193927e-17
1.523493798032752e+02 3.403636209193927e-17
1.599776062428255e+02 3.403636209193927e-17
1.679991782023678e+02 3.403636209193927e-17
1.764343783386013e+02 3.403636209193927e-17
1.853045351728454e+02 3.403636209193927e-17
1.946320770205032e+02 3.403636209193927e-17
2.044405887013703e+02 3.403636209193927e-17
2.147548711741813e+02 3.403636209193927e-17
2.256010042461797e+02 3.403636209193927e-17
2.370064125162750e+02 3.403636209193927e-17
2.489999347185239e+02 3.403636209193927e-17
2.616118966412718e+02 3.403636209193927e-17
2.748741878063325e+02 3.403636209193927e-17
2.888203421020888e+02 3.403636209193927e-17
3.034856225743979e+02 3.403636209193927e-17
3.189071105896950e+02 3.403636209193927e-17
3.351237995957463e+02 3.403636209193927e-17
3.521766937171258e+02 3.403636209193927e-17
3.701089114347170e+02 3.403636209193927e-17
3.889657946113938e+02 3.403636209193927e-17
4.087950231395538e+02 3.403636209193927e-17
4.296467355003921e+02 3.403636209193927e-17
4.515736555397509e+02 3.403636209193927e-17
4.746312257810998e+02 3.403636209193927e-17
4.988777476127309e+02 3.403636209193927e-17
5.243745287036326e+02 3.403636209193927e-17
5.511860380207867e+02 3.403636209193927e-17
5.793800688398521e+02 3.403636209193927e-17
6.090279101614083e+02 3.403636209193927e-17
6.402045269661887e+02 3.403636209193927e-17
6.729887497650815e+02 3.403636209193927e-17
7.074634739231767e+02 3.403636209193927e-17
7.437158692618546e+02 3.403636209193927e-17
7.818376004688955e+02 3.403636209193927e-17
8.219250588739236e+02 3.403636209193927e-17
8.640796061752289e+02 3.403636209193927e-17
9.084078307342373e+02 3.403636209193927e-17
9.550218170856700e+02 3.403636209193927e-17
1.004039429344855e+03 3.403636209193927e-17
1.055584609228788e+03 3.403636209193927e-17
1.109787689444495e+03 3.403636209193927e-17
1.166785723237101e+03 3.403636209193927e-17
1.226722830930874e+03 3.403636209193927e-17
1.289750564339477e+03 3.403636209193927e-17
1.356028289966846e+03 3.403636209193927e-17
1.425723591967619e+03 3.403636209193927e-17
1.499012695886012e+03 3.403636209193927e-17
1.576080914244567e+03 3.403636209193927e-17
1.657123115109453e+03 3.403636209193927e-17
1.742344214817091e+03 3.403636209193927e-17
1.831959696107975e+03 3.403636209193927e-17
1.926196152977788e+03 3.403636209193927e-17
2.025291863623482e+03 3.403636209193927e-17
2.129497392933028e+03 3.403636209193927e-17
2.239076226042234e+03 3.403636209193927e-17
2.354305434560589e+03 3.403636209193927e-17
2.475476377150697e+03 3.403636209193927e-17
2.602895436232721e+03 3.403636209193927e-17
2.736884792676613e+03 3.403636209193927e-17
2.877783240440941e+03 3.403636209193927e-17
3.025947043218143e+03 3.403636209193927e-17
3.181750835252248e+03 3.403636209193927e-17
3.345588568606794e+03 3.403636209193927e-17
3.517874509278118e+03 3.403636209193927e-17
3.699044284672716e+03 3.403636209193927e-17
3.889555985097219e+03 3.403636209193927e-17
4.089891322046133e+03 3.403636209193927e-17
4.300556846216073e+03 3.403636209193927e-17
4.522085228326278e+03 3.403636209193927e-17
4.755036605983961e+03 3.403636209193927e-17
5.000000000000063e+03 3.403636209193927e-17
