# slice=xp it_equator=48 ip_slice=0 ome=1.000000000000000e+00 ber=9.749183881962721e-01 radi=1.000000000000000e+00
 7.400000000000e-02  2.790932781316e+16
 7.475000000000e-02 -1.523878369903e+16
 7.550000000000e-02  0.000000000000e+00
 7.625000000000e-02  0.000000000000e+00
 7.700000000000e-02  5.440885766419e+16
 7.775000000000e-02 -1.752937641672e+16
 7.850000000000e-02  0.000000000000e+00
 7.925000000000e-02 -5.485148914063e+16
 8.000000000000e-02 -3.151082209918e+16
 8.075000000000e-02  0.000000000000e+00
 8.155057911714e-02  1.635980545917e+16
 8.240514834755e-02  0.000000000000e+00
 8.331734872090e-02  0.000000000000e+00
 8.429106681365e-02  0.000000000000e+00
 8.533045130836e-02 -3.652810189903e+15
 8.643993066989e-02  0.000000000000e+00
 8.762423201355e-02  1.141663155050e+15
 8.888840124573e-02  0.000000000000e+00
 9.023782456282e-02  2.388862787172e+15
 9.167825139995e-02  1.649071305174e+15
 9.321581892739e-02  6.797418670741e+15
 9.485707819895e-02 -3.882018153063e+15
 9.660902206378e-02  0.000000000000e+00
 9.847911496056e-02  0.000000000000e+00
 1.004753247209e-01  7.575733543544e+15
 1.026061565177e-01  0.000000000000e+00
 1.048806891026e-01  0.000000000000e+00
 1.073086134876e-01  0.000000000000e+00
 1.099002742350e-01  0.000000000000e+00
 1.126667135325e-01  5.632812386094e+16
 1.156197182397e-01  7.933085969777e+16
 1.187718701083e-01  0.000000000000e+00
 1.221365993884e-01  1.602878655318e+16
 1.257282420503e-01  9.676861952606e+15
 1.295621008655e-01  0.000000000000e+00
 1.336545106062e-01  0.000000000000e+00
 1.380229076425e-01  0.000000000000e+00
 1.426859042326e-01  0.000000000000e+00
 1.476633678238e-01  0.000000000000e+00
 1.529765057003e-01  4.806056349202e+00
 1.586479553410e-01  4.560901715071e+00
 1.647018808693e-01  4.318873316074e+00
 1.711640760088e-01  4.080707636833e+00
 1.780620739817e-01  3.847116344697e+00
 1.854252648179e-01  3.618777312629e+00
 1.932850205766e-01  3.396326105986e+00
 2.016748290116e-01  3.180348166855e+00
 2.106304362515e-01  2.971371911318e+00
 2.201899991016e-01  2.769862926359e+00
 2.303942476173e-01  2.576219415551e+00
 2.412866586410e-01  2.390768998134e+00
 2.529136410423e-01  2.213766917216e+00
 2.653247334501e-01  2.045395662272e+00
 2.785728153202e-01  1.885765961905e+00
 2.927143322368e-01  1.734919057510e+00
 3.078095364076e-01  1.592830129448e+00
 3.239227433785e-01  1.459412716264e+00
 3.411226060600e-01  1.334523945541e+00
 3.594824072340e-01  1.217970382502e+00
 3.790803717871e-01  1.109514299329e+00
 4.000000000000e-01  1.009145593277e+00
 4.287500000000e-01  8.916523101804e-01
 4.575000000000e-01  7.934293462074e-01
 4.862500000000e-01  7.105055310539e-01
 5.150000000000e-01  6.398743149737e-01
 5.437500000000e-01  5.792308024996e-01
 5.725000000000e-01  5.267840337905e-01
 6.012500000000e-01  4.811258554509e-01
 6.300000000000e-01  4.411370563417e-01
 6.587500000000e-01  4.059192386713e-01
 6.875000000000e-01  3.747446700466e-01
 7.162500000000e-01  3.470189047852e-01
 7.450000000000e-01  3.222525969556e-01
 7.737500000000e-01  3.000400152389e-01
 8.025000000000e-01  2.800425021220e-01
 8.312500000000e-01  2.619756210030e-01
 8.600000000000e-01  2.455990822638e-01
 8.887500000000e-01  2.307087834264e-01
 9.175000000000e-01  2.171304719731e-01
 9.462500000000e-01  2.047146640936e-01
 9.750000000000e-01  1.933325431620e-01
 1.003750000000e+00  1.828726281557e-01
 1.032500000000e+00  1.732380513756e-01
 1.061250000000e+00  1.643443215271e-01
 1.090000000000e+00  1.561174758429e-01
 1.118750000000e+00  1.484925458889e-01
 1.147500000000e+00  1.414122777064e-01
 1.176250000000e+00  1.348260592723e-01
 1.205000000000e+00  1.286890178051e-01
 1.233750000000e+00  1.229612568882e-01
 1.262500000000e+00  1.176072092207e-01
 1.291250000000e+00  1.125950854096e-01
 1.320000000000e+00  1.078964028678e-01
 1.348750000000e+00  1.034855817965e-01
 1.377500000000e+00  9.933959756086e-02
 1.406250000000e+00  9.543768064443e-02
 1.435000000000e+00  9.176105689059e-02
 1.463750000000e+00  8.829272196802e-02
 1.492500000000e+00  8.501724500647e-02
 1.521250000000e+00  8.192059717193e-02
 1.550000000000e+00  7.899000162823e-02
 1.578750000000e+00  7.621380189096e-02
 1.607500000000e+00  7.358134604306e-02
 1.636250000000e+00  7.108288466605e-02
 1.665000000000e+00  6.870948066215e-02
 1.693750000000e+00  6.645292941075e-02
 1.722500000000e+00  6.430568792833e-02
 1.751250000000e+00  6.226081189061e-02
 1.780000000000e+00  6.031189953548e-02
 1.808750000000e+00  5.845304160147e-02
 1.837500000000e+00  5.667877657097e-02
 1.866250000000e+00  5.498405058574e-02
 1.895000000000e+00  5.336418148577e-02
 1.923750000000e+00  5.181482649383e-02
 1.952500000000e+00  5.033195312969e-02
 1.981250000000e+00  4.891181299027e-02
 2.010000000000e+00  4.755091807780e-02
 2.038750000000e+00  4.624601939680e-02
 2.067500000000e+00  4.499408757497e-02
 2.096250000000e+00  4.379229529211e-02
 2.125000000000e+00  4.263800132702e-02
 2.153750000000e+00  4.152873605430e-02
 2.182500000000e+00  4.046218824245e-02
 2.211250000000e+00  3.943619302157e-02
 2.240000000000e+00  3.844872090377e-02
 2.268750000000e+00  3.749786775234e-02
 2.297500000000e+00  3.658184560712e-02
 2.326250000000e+00  3.569897428369e-02
 2.355000000000e+00  3.484767367257e-02
 2.383750000000e+00  3.402645667269e-02
 2.412500000000e+00  3.323392269997e-02
 2.441250000000e+00  3.246875171841e-02
 2.470000000000e+00  3.172969874586e-02
 2.498750000000e+00  3.101558879213e-02
 2.527500000000e+00  3.032531219076e-02
 2.556250000000e+00  2.965782029001e-02
 2.585000000000e+00  2.901212147177e-02
 2.613750000000e+00  2.838727747018e-02
 2.642500000000e+00  2.778239996445e-02
 2.671250000000e+00  2.719664742286e-02
 2.700000000000e+00  2.662922217684e-02
 2.728750000000e+00  2.607936770642e-02
 2.757500000000e+00  2.554636611946e-02
 2.786250000000e+00  2.502953580933e-02
 2.815000000000e+00  2.452822927652e-02
 2.843750000000e+00  2.404183110131e-02
 2.872500000000e+00  2.356975605559e-02
 2.901250000000e+00  2.311144734313e-02
 2.930000000000e+00  2.266637495826e-02
 2.958750000000e+00  2.223403415406e-02
 2.987500000000e+00  2.181394401171e-02
 3.016250000000e+00  2.140564610355e-02
 3.045000000000e+00  2.100870324273e-02
 3.073750000000e+00  2.062269831329e-02
 3.102500000000e+00  2.024723317467e-02
 3.131250000000e+00  1.988192763534e-02
 3.160000000000e+00  1.952641849059e-02
 3.188750000000e+00  1.918035862006e-02
 3.217500000000e+00  1.884341614056e-02
 3.246250000000e+00  1.851527361059e-02
 3.275000000000e+00  1.819562728285e-02
 3.303750000000e+00  1.788418640150e-02
 3.332500000000e+00  1.758067254112e-02
 3.361250000000e+00  1.728481898463e-02
 3.390000000000e+00  1.699637013738e-02
 3.418750000000e+00  1.671508097535e-02
 3.447500000000e+00  1.644071652485e-02
 3.476250000000e+00  1.617305137196e-02
 3.505000000000e+00  1.591186919962e-02
 3.533750000000e+00  1.565696235067e-02
 3.562500000000e+00  1.540813141522e-02
 3.591250000000e+00  1.516518484070e-02
 3.620000000000e+00  1.492793856331e-02
 3.648750000000e+00  1.469621565947e-02
 3.677500000000e+00  1.446984601602e-02
 3.706250000000e+00  1.424866601807e-02
 3.735000000000e+00  1.403251825344e-02
 3.763750000000e+00  1.382125123259e-02
 3.792500000000e+00  1.361471912331e-02
 3.821250000000e+00  1.341278149904e-02
 3.850000000000e+00  1.321530310026e-02
 3.878750000000e+00  1.302215360799e-02
 3.907500000000e+00  1.283320742887e-02
 3.936250000000e+00  1.264834349102e-02
 3.965000000000e+00  1.246744505012e-02
 3.993750000000e+00  1.229039950513e-02
 4.022500000000e+00  1.211709822307e-02
 4.051250000000e+00  1.194743637246e-02
 4.080000000000e+00  1.178131276478e-02
 4.108750000000e+00  1.161862970361e-02
 4.137500000000e+00  1.145929284103e-02
 4.166250000000e+00  1.130321104086e-02
 4.195000000000e+00  1.115029624835e-02
 4.223750000000e+00  1.100046336598e-02
 4.252500000000e+00  1.085363013513e-02
 4.281250000000e+00  1.070971702319e-02
 4.310000000000e+00  1.056864711584e-02
 4.338750000000e+00  1.043034601434e-02
 4.367500000000e+00  1.029474173742e-02
 4.396250000000e+00  1.016176462766e-02
 4.425000000000e+00  1.003134726203e-02
 4.453750000000e+00  9.903424366440e-03
 4.482500000000e+00  9.777932734093e-03
 4.511250000000e+00  9.654811147394e-03
 4.540000000000e+00  9.534000303318e-03
 4.568750000000e+00  9.415442742006e-03
 4.597500000000e+00  9.299082778448e-03
 4.626250000000e+00  9.184866437110e-03
 4.655000000000e+00  9.072741389344e-03
 4.683750000000e+00  8.962656893461e-03
 4.712500000000e+00  8.854563737330e-03
 4.741250000000e+00  8.748414183385e-03
 4.770000000000e+00  8.644161915926e-03
 4.798750000000e+00  8.541761990601e-03
 4.827500000000e+00  8.441170785976e-03
 4.856250000000e+00  8.342345957079e-03
 4.885000000000e+00  8.245246390843e-03
 4.913750000000e+00  8.149832163359e-03
 4.942500000000e+00  8.056064498811e-03
 4.971250000000e+00  7.963905730246e-03
 5.000000000000e+00  7.873319261026e-03
 5.030232478763e+00  7.779718744915e-03
 5.062023879535e+00  7.683080730434e-03
 5.095454587316e+00  7.583388982233e-03
 5.130609132117e+00  7.480635112280e-03
 5.167576402695e+00  7.374819213435e-03
 5.206449871311e+00  7.265950488274e-03
 5.247327830073e+00  7.154047866458e-03
 5.290313639469e+00  7.039140602992e-03
 5.335515989720e+00  6.921268849142e-03
 5.383049175599e+00  6.800484187172e-03
 5.433033385431e+00  6.676850119557e-03
 5.485595004987e+00  6.550442502913e-03
 5.540866937056e+00  6.421349916641e-03
 5.598988937492e+00  6.289673956114e-03
 5.660107968582e+00  6.155529440328e-03
 5.724378570651e+00  6.019044524182e-03
 5.791963252814e+00  5.880360705988e-03
 5.863032903882e+00  5.739632721582e-03
 5.937767224461e+00  5.597028317301e-03
 6.016355181325e+00  5.452727895331e-03
 6.098995485218e+00  5.306924026383e-03
 6.185897093304e+00  5.159820826361e-03
 6.277279737511e+00  5.011633195608e-03
 6.373374480132e+00  4.862585921474e-03
 6.474424298065e+00  4.712912647214e-03
 6.580684697186e+00  4.562854712700e-03
 6.692424358397e+00  4.412659874874e-03
 6.809925816991e+00  4.262580918416e-03
 6.933486177048e+00  4.112874169532e-03
 7.063417862663e+00  3.963797928115e-03
 7.200049407918e+00  3.815610835646e-03
 7.343726287582e+00  3.668570198100e-03
 7.494811790651e+00  3.522930284650e-03
 7.653687938929e+00  3.378940624119e-03
 7.820756452977e+00  3.236844321855e-03
 7.996439767863e+00  3.096876419925e-03
 8.181182101303e+00  2.959262323281e-03
 8.375450576866e+00  2.824216313776e-03
 8.579736405106e+00  2.691940172615e-03
 8.794556125590e+00  2.562621930104e-03
 9.020452912983e+00  2.436434759354e-03
 9.257997950464e+00  2.313536028052e-03
 9.507791873978e+00  2.194066519504e-03
 9.770466290947e+00  2.078149831090e-03
 1.004668537730e+01  1.965891954995e-03
 1.033714755686e+01  1.857381042770e-03
 1.064258726730e+01  1.752687352057e-03
 1.096377681720e+01  1.651863370613e-03
 1.130152833880e+01  1.554944109876e-03
 1.165669584156e+01  1.461947557663e-03
 1.203017737146e+01  1.372875277238e-03
 1.242291728176e+01  1.287713138105e-03
 1.283590862082e+01  1.206432162318e-03
 1.327019564299e+01  1.128989469054e-03
 1.372687644909e+01  1.055329299526e-03
 1.420710576289e+01  9.853841040787e-04
 1.471209785093e+01  9.190756735064e-04
 1.524312959276e+01  8.563162971441e-04
 1.580154370954e+01  7.970099311432e-04
 1.638875215916e+01  7.410533614763e-04
 1.700623970640e+01  6.883373475550e-04
 1.765556767714e+01  6.387477338602e-04
 1.833837790621e+01  5.921665186057e-04
 1.905639688881e+01  5.484728701413e-04
 1.981144014598e+01  5.075440835007e-04
 2.060541681511e+01  4.692564711711e-04
 2.144033447731e+01  4.334861837649e-04
 2.231830423355e+01  4.001099577897e-04
 2.324154604261e+01  3.690057891032e-04
 2.421239433430e+01  3.400535319013e-04
 2.523330391207e+01  3.131354241967e-04
 2.630685616005e+01  2.881365417059e-04
 2.743576557009e+01  2.649451828690e-04
 2.862288660539e+01  2.434531883795e-04
 2.987122091806e+01  2.235561991129e-04
 3.118392493885e+01  2.051538567224e-04
 3.256431785820e+01  1.881499514183e-04
 3.401589001888e+01  1.724525215932e-04
 3.554231174136e+01  1.579739099993e-04
 3.714744260428e+01  1.446307811449e-04
 3.883534120345e+01  1.323441044664e-04
 4.061027541403e+01  1.210391076679e-04
 4.247673318196e+01  1.106452044049e-04
 4.443943387176e+01  1.010959002443e-04
 4.650334019954e+01  9.232868055962e-05
 4.867367078126e+01  8.428488373621e-05
 5.095591332810e+01  7.690956276539e-05
 5.335583852220e+01  7.015133801183e-05
 5.587951460793e+01  6.396224364783e-05
 5.853332273550e+01  5.829756996572e-05
 6.132397309582e+01  5.311570350965e-05
 6.425852188729e+01  4.837796671250e-05
 6.734438915749e+01  4.404845848540e-05
 7.058937756492e+01  4.009389698556e-05
 7.400169210806e+01  3.648346558626e-05
 7.758996087189e+01  3.318866288789e-05
 8.136325684406e+01  3.018315744357e-05
 8.533112085614e+01  2.744264772440e-05
 8.950358570767e+01  2.494472771827e-05
 9.389120153429e+01  2.266875844117e-05
 9.850506248387e+01  2.059574553972e-05
 1.033568347683e+02  1.870822307738e-05
 1.084587861614e+02  1.699014352380e-05
 1.138238170187e+02  1.542677390441e-05
 1.194654928954e+02  1.400459801649e-05
 1.253980788479e+02  1.271122457578e-05
 1.316365755026e+02  1.153530112406e-05
 1.381967569854e+02  1.046643350191e-05
 1.450952108067e+02  9.495110670921e-06
 1.523493798033e+02  8.612634655317e-06
 1.599776062428e+02  7.811055363314e-06
 1.679991782024e+02  7.083110043234e-06
 1.764343783386e+02  6.422167127149e-06
 1.853045351728e+02  5.822174215784e-06
 1.946320770205e+02  5.277609961520e-06
 2.044405887014e+02  4.783439611456e-06
 2.147548711742e+02  4.335073979070e-06
 2.256010042462e+02  3.928331620837e-06
 2.370064125163e+02  3.559404002814e-06
 2.489999347185e+02  3.224823451523e-06
 2.616118966413e+02  2.921433693188e-06
 2.748741878063e+02  2.646362795364e-06
 2.888203421021e+02  2.396998335041e-06
 3.034856225744e+02  2.170964627352e-06
 3.189071105897e+02  1.966101858894e-06
 3.351237995957e+02  1.780446979348e-06
 3.521766937171e+02  1.612216214490e-06
 3.701089114347e+02  1.459789072744e-06
 3.889657946114e+02  1.321693726140e-06
 4.087950231396e+02  1.196593654846e-06
 4.296467355004e+02  1.083275452360e-06
 4.515736555398e+02  9.806376959398e-07
 4.746312257811e+02  8.876807939252e-07
 4.988777476127e+02  8.034977282739e-07
 5.243745287036e+02  7.272656168886e-07
 5.511860380208e+02  6.582380261739e-07
 5.793800688399e+02  5.957379697379e-07
 6.090279101614e+02  5.391515342584e-07
 6.402045269662e+02  4.879220782879e-07
 6.729887497651e+02  4.415449541840e-07
 7.074634739232e+02  3.995627074475e-07
 7.437158692619e+02  3.615607115416e-07
 7.818376004689e+02  3.271631997711e-07
 8.219250588739e+02  2.960296590393e-07
 8.640796061752e+02  2.678515532864e-07
 9.084078307342e+02  2.423493471651e-07
 9.550218170857e+02  2.192698030399e-07
 1.004039429345e+03  1.983835267284e-07
 1.055584609229e+03  1.794827395384e-07
 1.109787689444e+03  1.623792561183e-07
 1.166785723237e+03  1.469026494403e-07
 1.226722830931e+03  1.328985858833e-07
 1.289750564339e+03  1.202273148929e-07
 1.356028289967e+03  1.087622990792e-07
 1.425723591968e+03  9.838897187612e-08
 1.499012695886e+03  8.900361104044e-08
 1.576080914245e+03  8.051231732555e-08
 1.657123115109e+03  7.283008862594e-08
 1.742344214817e+03  6.587998076897e-08
 1.831959696108e+03  5.959234693106e-08
 1.926196152978e+03  5.390414838664e-08
 2.025291863623e+03  4.875832996366e-08
 2.129497392933e+03  4.410325418638e-08
 2.239076226042e+03  3.989218863801e-08
 2.354305434561e+03  3.608284157883e-08
 2.475476377151e+03  3.263694131227e-08
 2.602895436233e+03  2.951985520798e-08
 2.736884792677e+03  2.670024466861e-08
 2.877783240441e+03  2.414975267133e-08
 3.025947043218e+03  2.184272082803e-08
 3.181750835252e+03  1.975593319608e-08
 3.345588568607e+03  1.786838434674e-08
 3.517874509278e+03  1.616106949304e-08
 3.699044284673e+03  1.461679490427e-08
 3.889555985097e+03  1.322000767406e-08
 4.089891322046e+03  1.195664623317e-08
 4.300556846216e+03  1.081401817263e-08
 4.522085228326e+03  9.780737165525e-09
 4.755036605984e+03  8.846715749212e-09
 5.000000000000e+03  8.003669076182e-09
